* Distortion data saved by REW V5.31.3
* Dated: Apr 30, 2026 7:38:30 PM
* Source: Scarlett 2i2 4th Gen, no input selected, 1, volume: no control
* Format: 256k Log Swept Sine, 2 sweeps at -12.2 dBFS with no timing reference
* Measurement: L+R industra_mejdan Apr 30
* Frequency Step: 24 ppo
* Freq (Hz) Fundamental (dB) THD (%)
10.000 7.574 165.4
10.300 8.139 146.0
10.600 8.344 134.2
10.900 8.412 127.1
11.200 8.372 127.3
11.500 8.250 134.8
11.800 8.063 144.1
12.200 7.464 159.9
12.500 6.895 175.0
12.800 6.431 191.3
13.200 6.303 208.8
13.600 6.955 209.3
14.000 8.085 195.1
14.500 9.563 178.7
15.000 10.560 171.9
15.500 11.325 166.1
16.000 12.209 151.8
16.500 13.387 127.6
17.000 14.748 102.1
17.500 16.427 78.4
18.000 18.611 56.5
18.500 21.192 39.5
19.000 23.755 29.1
19.500 26.111 22.7
20.000 28.402 18.0
20.600 31.061 13.6
21.200 33.718 10.1
21.800 36.140 7.37
22.400 38.057 5.57
23.000 39.549 4.57
23.600 40.509 4.27
24.300 40.832 4.72
25.000 40.816 5.39
25.800 40.449 6.05
26.500 40.462 6.76
27.200 41.244 7.16
28.000 42.205 7.64
29.000 43.052 7.86
30.000 43.935 7.09
30.700 44.802 6.03
31.500 46.684 4.42
32.500 49.395 3.10
33.500 51.954 2.19
34.500 54.846 1.33
35.500 57.694 0.895
36.500 60.274 0.747
37.500 63.019 0.655
38.700 65.737 0.606
40.000 67.138 0.641
41.200 66.885 0.804
42.500 66.510 0.964
43.700 67.168 0.973
45.000 67.547 0.985
46.200 67.597 0.993
47.500 66.921 1.04
48.700 65.476 1.16
50.000 63.591 1.34
51.500 62.501 1.22
53.000 62.884 0.867
54.500 65.181 0.677
56.000 67.530 0.685
58.000 67.917 0.793
60.000 67.051 0.900
61.500 66.203 0.946
63.000 64.607 1.07
65.000 62.146 1.17
67.000 60.730 1.35
69.000 60.447 1.32
71.000 61.564 1.04
73.000 60.546 1.24
75.000 57.844 1.73
77.500 51.372 2.19
80.000 57.200 1.37
82.500 63.039 0.980
85.000 62.959 1.07
87.500 64.855 0.654
90.000 66.108 0.409
92.500 66.149 0.570
95.000 65.770 0.887
97.500 67.033 0.689
100.000 67.093 0.529
103.000 66.468 0.793
106.000 66.821 0.634
109.000 66.321 0.548
112.000 65.793 0.643
115.000 66.572 0.510
118.000 66.832 0.422
122.000 67.422 0.441
125.000 67.204 0.534
128.000 66.799 0.530
132.000 67.090 0.453
136.000 64.823 0.475
140.000 63.743 0.618
145.000 63.914 0.561
150.000 58.480 1.17
155.000 55.648 2.00
160.000 59.513 1.77
165.000 63.089 1.29
170.000 60.488 1.36
175.000 57.388 1.80
180.000 59.389 1.07
185.000 62.640 0.704
190.000 63.548 0.525
195.000 59.564 0.708
200.000 58.240 0.558
206.000 58.048 0.623
212.000 50.812 1.48
218.000 51.076 1.94
224.000 56.518 1.61
230.000 57.519 1.43
236.000 60.066 1.02
243.000 61.794 0.564
250.000 63.291 0.407
258.000 63.746 0.433
265.000 63.607 0.429
272.000 63.245 0.335
280.000 61.343 0.402
290.000 61.689 0.362
300.000 64.794 0.411
307.000 64.122 0.505
315.000 61.483 0.722
325.000 64.772 0.424
335.000 67.592 0.460
345.000 67.436 0.536
355.000 65.935 0.534
365.000 63.999 0.506
375.000 62.258 0.422
387.000 65.444 0.350
400.000 62.690 0.659
412.000 62.407 0.533
425.000 63.995 0.423
437.000 65.130 0.437
450.000 63.814 0.458
462.000 62.937 0.442
475.000 62.084 0.403
487.000 63.202 0.252
500.000 60.888 0.418
515.000 60.121 0.413
530.000 60.124 0.294
545.000 57.207 0.468
560.000 56.378 0.427
580.000 55.213 0.634
600.000 56.527 0.711
615.000 58.156 0.536
630.000 59.891 0.438
650.000 60.150 0.380
670.000 62.701 0.375
690.000 61.140 0.450
710.000 62.280 0.361
730.000 65.415 0.303
750.000 65.272 0.470
775.000 60.096 0.790
800.000 58.158 1.33
825.000 56.202 0.881
850.000 55.459 0.631
875.000 53.408 0.615
900.000 50.034 0.955
925.000 49.936 0.871
950.000 53.475 0.573
975.000 53.508 0.516
1000.000 53.201 0.508
1030.000 52.786 0.591
1060.000 53.161 0.714
1090.000 54.388 0.469
1120.000 55.424 0.399
1150.000 53.719 0.508
1180.000 54.850 0.549
1220.000 56.175 0.456
1250.000 57.644 0.433
1280.000 58.648 0.377
1320.000 56.605 0.503
1360.000 54.958 0.758
1400.000 53.334 0.940
1450.000 56.020 0.763
1500.000 57.054 0.769
1550.000 54.358 0.663
1600.000 56.413 0.500
1650.000 57.099 0.392
1700.000 55.267 0.485
1750.000 50.915 0.615
1800.000 50.986 0.563
1850.000 54.324 0.412
1900.000 57.229 0.336
1950.000 57.172 0.301
2000.000 56.266 0.358
2060.000 54.254 0.552
2120.000 51.076 0.716
2180.000 49.481 0.897
2240.000 52.895 0.603
2300.000 53.904 0.673
2360.000 55.699 0.554
2430.000 57.370 0.435
2500.000 57.814 0.336
2580.000 54.400 0.320
2650.000 49.557 0.589
2720.000 49.653 0.654
2800.000 51.702 0.481
2900.000 50.630 0.794
3000.000 50.690 1.06
3070.000 52.656 0.830
3150.000 51.398 1.10
3250.000 51.883 1.08
3350.000 53.274 0.704
3450.000 49.464 0.951
3550.000 54.652 0.437
3650.000 57.232 0.352
3750.000 57.423 0.621
3870.000 59.658 0.833
4000.000 59.675 0.990
4120.000 58.181 1.10
4250.000 61.316 0.794
4370.000 57.129 0.675
4500.000 56.487 0.472
4620.000 56.898 0.396
4750.000 52.542 0.531
4870.000 56.535 0.387
5000.000 56.002 0.580
5150.000 53.059 1.11
5300.000 52.646 1.21
5450.000 55.713 0.639
5600.000 55.134 0.589
5800.000 59.020 0.775
6000.000 59.481 0.918
6150.000 58.512 0.995
6300.000 59.639 0.858
6500.000 59.144 0.522
6700.000 56.170 0.334
6900.000 53.864 0.557
7100.000 52.325 0.952
7300.000 53.032 0.970
7500.000 57.680 0.608
7750.000 61.137 0.415
8000.000 63.136 0.565
8250.000 62.978 0.717
8500.000 62.986 0.674
8750.000 60.852 0.754
9000.000 58.345 1.56
9250.000 57.305 1.02
9500.000 57.193 0.963
9750.000 58.567 0.532
