* Measurement data measured by REW V5.31.3
* Source: Scarlett 2i2 4th Gen, no input selected, 1, volume: no control
* Format: 256k Log Swept Sine, 2 sweeps at -12.2 dBFS with no timing reference
* Dated: Apr 30, 2026 7:38:30 PM
* REW Settings:
*  C-weighting compensation: Off
*  Target level: 80.2 dB
* Note: ; 2xJBL_EON715, 2xPRX800,, basy 3h, vysky0
* Measurement: L+R industra_mejdan Apr 30
* Smoothing: 1/12 octave
* Frequency Step: 1/96 octave
* Start Frequency: 20.000 Hz
*
* Freq(Hz) SPL(dB) Phase(degrees)
20.000000 49.381 1640.4762
20.144928 49.336 1637.5461
20.290907 49.341 1635.9175
20.437943 49.486 1635.6136
20.586044 49.860 1636.4227
20.735220 50.505 1637.8351
20.885475 51.401 1639.1428
21.036821 52.471 1639.6991
21.189262 53.626 1639.1205
21.342808 54.791 1637.3116
21.497467 55.915 1634.3743
21.653246 56.969 1630.4880
21.810154 57.939 1625.8469
21.968201 58.817 1620.6252
22.127390 59.605 1614.9692
22.287735 60.304 1608.9989
22.449242 60.917 1602.8113
22.611917 61.449 1596.4854
22.775772 61.904 1590.0847
22.940815 62.287 1583.6613
23.107054 62.602 1577.2576
23.274498 62.854 1570.9065
23.443153 63.046 1564.6356
23.613033 63.181 1558.4644
23.784142 63.261 1552.4093
23.956491 63.287 1546.4838
24.130091 63.257 1540.7025
24.304947 63.169 1535.0872
24.481071 63.016 1529.6693
24.658470 62.793 1524.5032
24.837156 62.491 1519.6711
25.017136 62.102 1515.2991
25.198421 61.623 1511.5702
25.381020 61.058 1508.7413
25.564941 60.431 1507.1470
25.750195 59.796 1507.1686
25.936790 59.250 1509.0977
26.124741 58.926 1512.8514
26.314051 58.939 1517.6653
26.504732 59.307 1522.2198
26.696796 59.937 1525.3457
26.890253 60.684 1526.5643
27.085112 61.423 1526.0160
27.281382 62.075 1524.1115
27.479073 62.601 1521.3047
27.678198 62.988 1517.9983
27.878765 63.237 1514.5304
28.080786 63.366 1511.1740
28.284271 63.397 1508.1411
28.489231 63.363 1505.5742
28.695675 63.298 1503.5381
28.903616 63.234 1502.0189
29.113064 63.193 1500.9478
29.324028 63.183 1500.2330
29.536524 63.198 1499.8134
29.750557 63.228 1499.7031
29.966141 63.270 1500.0065
30.183289 63.342 1500.8877
30.402010 63.482 1502.4901
30.622314 63.747 1504.8267
30.844217 64.185 1507.6748
31.067726 64.812 1510.5767
31.292856 65.600 1512.9867
31.519617 66.489 1514.4871
31.748020 67.413 1514.8997
31.978081 68.319 1514.2623
32.209808 69.169 1512.7406
32.443211 69.939 1510.5541
32.678310 70.618 1507.9407
32.915108 71.205 1505.1506
33.153625 71.710 1502.4484
33.393871 72.161 1500.1102
33.635857 72.608 1498.3927
33.879597 73.121 1497.4602
34.125103 73.776 1497.2590
34.372387 74.613 1497.4189
34.621464 75.615 1497.3214
34.872345 76.708 1496.3385
35.125042 77.800 1494.1156
35.379574 78.809 1490.6422
35.635948 79.681 1486.1719
35.894180 80.394 1481.1014
36.154285 80.951 1475.8877
36.416275 81.396 1470.9980
36.680161 81.810 1466.8433
36.945961 82.311 1463.6650
37.213688 83.014 1461.3599
37.483353 83.963 1459.3651
37.754974 85.103 1456.8278
38.028561 86.314 1453.0107
38.304131 87.478 1447.5874
38.581699 88.510 1440.6281
38.861279 89.360 1432.4186
39.142883 90.002 1423.3143
39.426529 90.420 1413.6713
39.712231 90.610 1403.8297
40.000000 90.568 1394.1265
40.289856 90.298 1384.9281
40.581814 89.810 1376.6598
40.875885 89.132 1369.8236
41.172089 88.330 1364.9618
41.470440 87.525 1362.4869
41.770950 86.903 1362.2727
42.073643 86.640 1363.2552
42.378525 86.778 1363.7714
42.685616 87.184 1362.6144
42.994934 87.661 1359.5553
43.306492 88.063 1355.0153
43.620308 88.312 1349.6213
43.936401 88.393 1343.9790
44.254780 88.331 1338.5884
44.575470 88.193 1333.7806
44.898483 88.067 1329.6454
45.223835 88.041 1325.9774
45.551544 88.156 1322.3340
45.881630 88.379 1318.2375
46.214108 88.627 1313.3942
46.548996 88.806 1307.7877
46.886307 88.846 1301.6292
47.226067 88.708 1295.2526
47.568283 88.382 1289.0293
47.912983 87.880 1283.3098
48.260181 87.230 1278.3885
48.609894 86.474 1274.4873
48.962143 85.662 1271.7424
49.316940 84.848 1270.1932
49.674313 84.093 1269.7465
50.034271 83.457 1270.1344
50.396843 82.975 1270.9500
50.762039 82.638 1271.8323
51.129883 82.400 1272.7197
51.500389 82.221 1273.9440
51.873581 82.119 1276.0350
52.249481 82.177 1279.2544
52.628101 82.487 1283.1228
53.009464 83.069 1286.5527
53.393593 83.856 1288.6682
53.780506 84.770 1289.2883
54.170223 85.763 1288.6102
54.562763 86.802 1286.7277
54.958145 87.830 1283.5076
55.356396 88.764 1278.8026
55.757530 89.515 1272.6895
56.161572 90.015 1265.5255
56.568542 90.231 1257.8594
56.978462 90.163 1250.3081
57.391350 89.854 1243.4346
57.807232 89.383 1237.6130
58.226128 88.862 1232.8982
58.648056 88.393 1228.9974
59.073048 88.032 1225.4467
59.501114 87.772 1221.8762
59.932281 87.577 1218.1261
60.366577 87.418 1214.1581
60.804020 87.272 1209.9408
61.244629 87.105 1205.4521
61.688435 86.865 1200.7791
62.135452 86.504 1196.1803
62.585712 86.008 1192.0327
63.039234 85.406 1188.6617
63.496040 84.762 1186.1549
63.956161 84.142 1184.3302
64.419617 83.572 1182.9702
64.886421 83.041 1182.1400
65.356621 82.551 1182.2134
65.830215 82.158 1183.4604
66.307251 81.940 1185.4971
66.787743 81.913 1187.3719
67.271713 82.001 1188.5106
67.759193 82.122 1189.3312
68.250206 82.272 1190.7415
68.744774 82.514 1192.9810
69.242928 82.875 1194.8777
69.744690 83.279 1194.8052
70.250084 83.585 1192.2705
70.759148 83.683 1187.9753
71.271896 83.542 1182.9651
71.788361 83.204 1178.0377
72.308571 82.753 1173.5222
72.832550 82.264 1169.3400
73.360321 81.772 1165.2645
73.891922 81.276 1161.1584
74.427376 80.770 1157.0186
74.966705 80.248 1152.9580
75.509949 79.709 1149.3550
76.057121 79.165 1147.2760
76.608261 78.704 1149.3478
77.163399 78.518 1161.4875
77.722557 78.824 1190.1648
78.285767 79.683 1219.1863
78.853058 80.938 1233.3339
79.424461 82.348 1238.2955
80.000000 83.707 1237.8889
80.579712 84.865 1233.6711
81.163628 85.728 1226.8766
81.751770 86.245 1218.7388
82.344177 86.413 1210.4141
82.940880 86.268 1202.9509
83.541901 85.898 1197.2573
84.147285 85.446 1193.9537
84.757050 85.099 1192.9771
85.371231 85.009 1193.2277
85.989868 85.191 1193.1000
86.612984 85.528 1191.6495
87.240616 85.894 1189.0199
87.872803 86.241 1185.8579
88.509560 86.596 1182.6477
89.150940 86.988 1179.3577
89.796967 87.383 1175.5703
90.447670 87.682 1171.0071
91.103088 87.779 1165.9310
91.763260 87.630 1161.0773
92.428215 87.275 1157.2743
93.097992 86.837 1155.0283
93.772614 86.482 1154.2367
94.452133 86.348 1154.1968
95.136566 86.477 1153.9338
95.825966 86.789 1152.6655
96.520363 87.149 1150.1156
97.219788 87.440 1146.5103
97.924286 87.606 1142.3417
98.633881 87.647 1138.0939
99.348625 87.596 1134.0565
100.068542 87.483 1130.3234
100.793686 87.317 1126.9681
101.524078 87.109 1124.1648
102.259766 86.904 1122.0485
103.000778 86.765 1120.4636
103.747162 86.736 1118.9646
104.498962 86.802 1117.0985
105.256203 86.912 1114.6466
106.018929 87.007 1111.6403
106.787186 87.042 1108.2683
107.561012 86.988 1104.8094
108.340446 86.833 1101.6248
109.125526 86.595 1099.1229
109.916290 86.334 1097.5967
110.712791 86.134 1096.9629
111.515060 86.062 1096.7045
112.323143 86.124 1096.2163
113.137085 86.285 1095.1600
113.956924 86.497 1093.4352
114.782700 86.708 1091.0562
115.614464 86.872 1088.1810
116.452255 86.974 1085.1039
117.296112 87.031 1082.1011
118.146095 87.082 1079.3096
119.002228 87.166 1076.7346
119.864563 87.311 1074.2495
120.733154 87.523 1071.5486
121.608040 87.755 1068.2629
122.489258 87.929 1064.2629
123.376869 87.976 1059.8163
124.270905 87.874 1055.4545
125.171425 87.664 1051.6844
126.078468 87.434 1048.6891
126.992081 87.280 1046.1864
127.912323 87.247 1043.6321
128.839233 87.319 1040.5750
129.772842 87.437 1036.7863
130.713242 87.526 1032.2258
131.660431 87.511 1027.0547
132.614502 87.339 1021.6356
133.575485 86.992 1016.4452
134.543427 86.487 1011.9645
135.518387 85.875 1008.5801
136.500412 85.240 1006.4431
137.489548 84.686 1005.3338
138.485855 84.298 1004.7183
139.489380 84.116 1004.0074
140.500168 84.129 1002.7411
141.518295 84.288 1000.5947
142.543793 84.521 997.3568
143.576721 84.746 992.9604
144.617142 84.882 987.4940
145.665100 84.859 981.1912
146.720642 84.616 974.4586
147.783844 84.122 967.9009
148.854752 83.380 962.3107
149.933411 82.423 958.8102
151.019897 81.319 959.2110
152.114243 80.202 965.9014
153.216522 79.295 979.1974
154.326797 78.836 993.3422
155.445114 78.916 1002.3372
156.571533 79.428 1006.2289
157.706116 80.210 1007.1495
158.848923 81.143 1006.4221
160.000000 82.125 1004.3441
161.159424 83.045 1000.7081
162.327255 83.789 995.3442
163.503540 84.267 988.4886
164.688354 84.433 980.7821
165.881760 84.292 973.0055
167.083801 83.892 965.8342
168.294571 83.317 959.7155
169.514099 82.661 954.8913
170.742462 82.011 951.5563
171.979736 81.422 950.0268
173.225967 80.923 950.8016
174.481232 80.531 954.3171
175.745605 80.296 959.7844
177.019119 80.285 964.7830
178.301880 80.537 967.4868
179.593933 81.035 967.6576
180.895340 81.716 965.6309
182.206177 82.494 961.7296
183.526520 83.280 956.1516
184.856430 83.995 949.0339
186.195984 84.573 940.5389
187.545227 84.953 930.8408
188.904266 85.076 920.1567
190.273132 84.895 908.8856
191.651932 84.406 897.6302
193.040726 83.659 887.1511
194.439575 82.754 878.7189
195.848572 81.833 876.3263
197.267761 81.049 898.9536
198.697250 80.524 958.3817
200.137085 80.287 969.2803
201.587372 80.253 964.4120
203.048157 80.273 955.6935
204.519531 80.207 945.7364
206.001556 79.951 935.6608
207.494324 79.445 926.3349
208.997925 78.675 918.6893
210.512405 77.703 913.7805
212.037857 76.694 913.0425
213.574371 75.928 919.7432
215.122025 75.695 941.8911
216.680893 76.059 978.0465
218.251053 76.791 997.8190
219.832581 77.585 1001.7173
221.425583 78.234 999.2242
223.030121 78.666 994.8141
224.646286 78.929 990.7825
226.274170 79.158 988.1489
227.913849 79.500 986.7219
229.565399 80.010 985.5268
231.228928 80.618 983.7195
232.904510 81.196 981.1021
234.592224 81.659 978.0566
236.292191 82.005 975.1558
238.004456 82.298 972.5789
239.729126 82.583 970.0883
241.466309 82.860 967.5096
243.216080 83.115 964.9889
244.978516 83.367 962.7614
246.753738 83.649 960.6603
248.541809 83.955 958.1467
250.342850 84.233 954.8539
252.156937 84.432 950.9372
253.984161 84.531 946.8188
255.824646 84.534 942.8772
257.678467 84.461 939.4155
259.545685 84.354 936.6310
261.426483 84.272 934.4638
263.320862 84.254 932.4937
265.229004 84.283 930.1403
267.150970 84.285 927.1428
269.086853 84.186 923.7553
271.036774 83.956 920.5269
273.000824 83.623 917.9692
274.979095 83.248 916.4470
276.971710 82.904 916.1841
278.978760 82.657 917.1457
281.000336 82.540 918.8869
283.036591 82.534 920.7648
285.087585 82.603 922.5544
287.153442 82.753 924.4581
289.234283 83.024 926.4014
291.330200 83.441 927.7675
293.441284 83.972 927.8802
295.567688 84.533 926.4002
297.709503 85.031 923.4243
299.866821 85.390 919.3517
302.039795 85.561 914.7123
304.228485 85.524 910.1377
306.433044 85.294 906.3170
308.653595 84.917 903.9136
310.890228 84.466 903.6351
313.143066 84.056 906.1404
315.412231 83.848 911.1843
317.697845 83.973 916.9870
320.000000 84.431 921.3052
322.318848 85.098 923.0293
324.654510 85.828 922.3262
327.007080 86.514 919.8026
329.376709 87.090 916.0149
331.763519 87.521 911.4199
334.167603 87.800 906.4399
336.589142 87.944 901.4374
339.028198 87.991 896.6616
341.484924 87.981 892.1895
343.959473 87.941 887.8940
346.451935 87.862 883.5582
348.962463 87.704 879.1458
351.491211 87.432 874.9219
354.038239 87.054 871.2910
356.603760 86.614 868.5283
359.187866 86.170 866.6232
361.790680 85.750 865.3793
364.412354 85.347 864.9024
367.053040 84.970 865.9470
369.712860 84.701 869.3232
372.391968 84.666 874.5324
375.090454 84.918 879.3157
377.808533 85.374 881.6304
380.546265 85.868 881.0625
383.303864 86.230 878.1729
386.081451 86.338 873.9391
388.879150 86.147 869.5541
391.697144 85.696 866.0471
394.535522 85.082 863.9799
397.394501 84.423 863.4097
400.274170 83.831 864.0520
403.174744 83.380 865.4575
406.096313 83.097 867.2336
409.039062 82.983 869.1448
412.003113 83.037 870.9125
414.988647 83.237 872.1749
417.995850 83.543 872.6971
421.024811 83.907 872.4294
424.075714 84.285 871.3818
427.148743 84.641 869.5844
430.244049 84.946 867.1118
433.361786 85.173 864.0484
436.502106 85.290 860.5471
439.665161 85.276 856.9175
442.851166 85.138 853.5669
446.060242 84.915 850.8046
449.292572 84.657 848.6961
452.548340 84.400 847.1093
455.827698 84.157 845.8295
459.130798 83.923 844.7383
462.457855 83.702 843.8757
465.809021 83.519 843.3149
469.184448 83.406 843.1525
472.584381 83.400 843.2694
476.008911 83.503 843.0552
479.458252 83.652 841.7653
482.932617 83.751 839.1915
486.432159 83.718 835.7410
489.957031 83.518 832.1177
493.507477 83.172 829.0381
497.083618 82.761 826.9448
500.685699 82.395 825.7548
504.313873 82.160 824.9799
507.968323 82.074 824.1247
511.649292 82.099 822.8608
515.356934 82.172 820.7849
519.091370 82.208 817.4047
522.852966 82.121 812.6448
526.641724 81.868 806.9587
530.458008 81.462 800.8958
534.301941 80.949 794.8209
538.173706 80.378 789.0370
542.073547 79.794 783.9395
546.001648 79.246 779.8580
549.958191 78.774 776.5115
553.943420 78.393 772.6761
557.957520 78.088 767.2988
562.000671 77.847 760.3473
566.073181 77.659 751.4479
570.175171 77.498 735.6608
574.306885 77.335 697.4659
578.468567 77.165 648.3185
582.660400 77.045 625.7026
586.882568 77.079 617.5544
591.135376 77.338 615.4544
595.419006 77.785 614.2492
599.733643 78.299 611.0143
604.079590 78.781 605.7142
608.456970 79.212 599.4453
612.866089 79.615 592.9081
617.307190 79.991 586.2966
621.780457 80.307 579.7244
626.286133 80.543 573.5283
630.824463 80.721 568.2698
635.395691 80.906 564.6667
640.000000 81.171 563.4533
644.637695 81.564 564.8931
649.309021 82.061 567.7623
654.014160 82.580 569.3646
658.753418 83.020 568.0195
663.527039 83.311 564.2454
668.335205 83.429 559.3575
673.178284 83.392 554.4442
678.056396 83.230 550.2236
682.969849 82.989 547.1332
687.918945 82.734 545.4340
692.903870 82.565 545.0559
697.924927 82.594 545.4288
702.982422 82.882 545.6868
708.076477 83.413 545.1032
713.207520 84.109 543.2625
718.375732 84.873 540.0149
723.581360 85.612 535.3406
728.824707 86.242 529.2828
734.106079 86.685 522.0254
739.425720 86.881 513.9370
744.783936 86.796 505.5367
750.180908 86.429 497.4571
755.617065 85.818 490.3262
761.092529 85.040 484.6503
766.607727 84.201 480.6475
772.162903 83.409 478.2108
777.758301 82.746 477.0669
783.394287 82.238 476.6727
789.071045 81.846 476.1214
794.789001 81.471 474.7379
800.548340 81.022 472.5676
806.349487 80.471 470.0876
812.192627 79.849 467.6084
818.078125 79.216 465.1717
824.006226 78.645 462.6666
829.977295 78.197 460.0030
835.991699 77.912 457.1516
842.049622 77.805 453.7333
848.151428 77.838 449.0568
854.297485 77.923 442.8397
860.488098 77.953 435.4983
866.723572 77.839 428.3394
873.004211 77.544 423.6797
879.330322 77.076 424.1513
885.702332 76.455 430.0303
892.120483 75.720 436.9130
898.585144 74.940 442.3876
905.096680 74.203 454.5723
911.655396 73.627 498.8133
918.261597 73.339 527.9355
924.915710 73.423 525.2159
931.618042 73.852 513.5298
938.368896 74.483 498.1708
945.168762 75.133 480.4992
952.017822 75.648 461.1246
958.916504 75.944 440.8110
965.865234 76.021 420.6241
972.864319 75.951 401.5702
979.914062 75.833 384.4077
987.014954 75.744 369.7007
994.167236 75.715 358.1882
1001.371399 75.766 350.7257
1008.627747 75.938 346.9138
1015.936646 76.262 344.0295
1023.298584 76.692 339.3829
1030.713867 77.117 332.4515
1038.182739 77.427 324.1217
1045.705933 77.556 315.4823
1053.283447 77.491 307.6323
1060.916016 77.278 301.6029
1068.603882 77.031 297.6083
1076.347412 76.881 294.1049
1084.147095 76.888 288.6696
1092.003296 77.000 279.9562
1099.916382 77.113 267.9856
1107.886841 77.133 253.2020
1115.915039 77.007 235.8860
1124.001343 76.742 216.0873
1132.146362 76.390 193.8283
1140.350342 76.028 169.9031
1148.613770 75.754 146.3468
1156.937134 75.644 125.2721
1165.320801 75.710 107.3844
1173.765137 75.900 92.3602
1182.270752 76.147 79.7854
1190.838013 76.438 69.3685
1199.467285 76.802 60.6827
1208.159180 77.255 53.0843
1216.913940 77.761 45.9957
1225.732178 78.253 39.0704
1234.614380 78.673 32.1752
1243.560913 78.997 25.3419
1252.572266 79.236 18.6460
1261.648926 79.417 11.9873
1270.791382 79.544 5.0828
1280.000000 79.585 -2.2864
1289.275391 79.494 -10.0722
1298.618042 79.258 -18.0134
1308.028320 78.917 -25.9346
1317.506836 78.533 -33.9557
1327.054077 78.141 -42.4382
1336.670410 77.738 -51.7057
1346.356567 77.312 -61.9154
1356.112793 76.876 -73.5169
1365.939697 76.460 -92.9273
1375.837891 76.112 -216.3619
1385.807739 75.887 -253.1110
1395.849854 75.824 -259.6116
1405.964844 75.923 -263.8476
1416.152954 76.145 -268.4409
1426.415039 76.429 -273.6074
1436.751465 76.734 -278.9846
1447.162720 77.027 -284.3424
1457.649414 77.283 -289.5575
1468.212158 77.483 -294.5734
1478.851440 77.616 -299.3468
1489.567871 77.674 -303.8195
1500.361816 77.649 -307.9151
1511.234131 77.531 -311.4489
1522.185059 77.324 -314.0239
1533.215454 77.072 -315.0944
1544.325806 76.863 -314.2018
1555.516602 76.796 -311.5439
1566.788574 76.914 -308.4687
1578.142090 77.161 -306.6144
1589.578003 77.432 -306.5067
1601.096680 77.659 -307.6972
1612.698975 77.824 -309.6894
1624.385254 77.941 -312.3225
1636.156250 78.028 -315.6048
1648.012451 78.082 -319.5853
1659.954590 78.077 -324.3159
1671.983398 77.968 -329.7533
1684.099243 77.717 -335.6367
1696.302856 77.315 -341.5889
1708.594971 76.783 -347.2747
1720.976196 76.158 -352.4251
1733.447144 75.493 -356.6350
1746.008423 74.859 -358.8966
1758.660645 74.362 -355.4116
1771.404663 74.131 -327.1087
1784.240967 74.229 -254.9513
1797.170288 74.588 -238.5867
1810.193359 75.060 -239.4792
1823.310791 75.523 -244.9106
1836.523193 75.955 -251.9566
1849.831421 76.403 -259.6273
1863.236084 76.898 -267.8563
1876.737793 77.401 -276.9329
1890.337524 77.840 -287.0769
1904.035645 78.150 -298.3304
1917.833008 78.297 -310.6402
1931.730469 78.275 -323.8753
1945.728638 78.112 -337.8297
1959.828125 77.870 -352.3200
1974.029907 77.619 -367.2256
1988.334473 77.394 -382.4065
2002.742798 77.171 -397.5432
2017.255493 76.900 -412.0944
2031.873291 76.565 -425.5743
2046.597168 76.174 -437.7867
2061.427734 75.724 -448.6247
2076.365479 75.210 -457.7950
2091.411865 74.658 -464.8875
2106.566895 74.141 -469.6930
2121.832031 73.735 -472.1918
2137.207764 73.475 -472.2071
2152.694824 73.369 -469.3572
2168.294189 73.417 -463.3994
2184.006592 73.616 -454.7018
2199.832764 73.944 -445.6392
2215.773682 74.326 -439.2762
2231.830078 74.675 -435.9940
2248.002686 74.955 -434.2816
2264.292725 75.192 -433.1353
2280.700684 75.427 -432.3951
2297.227539 75.686 -431.9020
2313.874268 75.991 -431.4843
2330.641602 76.343 -431.3680
2347.530273 76.704 -431.8971
2364.541504 77.037 -433.0402
2381.676025 77.339 -434.5934
2398.934570 77.620 -436.4939
2416.318359 77.881 -438.7107
2433.827881 78.113 -441.1792
2451.464355 78.311 -443.8567
2469.228760 78.464 -446.8391
2487.121826 78.528 -450.2671
2505.144531 78.440 -454.0199
2523.297852 78.167 -457.6650
2541.582764 77.732 -460.7672
2560.000000 77.194 -463.1994
2578.550781 76.588 -465.0854
2597.236084 75.905 -466.3883
2616.056641 75.124 -466.3562
2635.013672 74.276 -463.4179
2654.108154 73.468 -455.7162
2673.340820 72.846 -442.9997
2692.713135 72.516 -428.4891
2712.225586 72.483 -415.9090
2731.879395 72.676 -406.4937
2751.675781 73.008 -400.3368
2771.615479 73.403 -397.3625
2791.699707 73.783 -397.0892
2811.929688 74.089 -398.6389
2832.305908 74.292 -401.1176
2852.830078 74.378 -403.7408
2873.502930 74.343 -405.6782
2894.325439 74.220 -406.4052
2915.298828 74.075 -406.3689
2936.424316 73.956 -406.3345
2957.702881 73.896 -406.6953
2979.135742 73.918 -407.9323
3000.723633 74.028 -411.5320
3022.468262 74.197 -419.6600
3044.370117 74.359 -434.5181
3066.430908 74.444 -458.5678
3088.651611 74.416 -491.4242
3111.033203 74.289 -523.0093
3133.577148 74.116 -545.2064
3156.284180 73.961 -559.5215
3179.156006 73.889 -568.7925
3202.193359 73.949 -574.8797
3225.397949 74.148 -579.1402
3248.770508 74.441 -582.4837
3272.312500 74.760 -585.4169
3296.024902 75.035 -588.1796
3319.909180 75.210 -590.9007
3343.966797 75.228 -593.4188
3368.198486 75.059 -594.6685
3392.605713 74.760 -592.4986
3417.189941 74.495 -584.0184
3441.952393 74.471 -568.0786
3466.894287 74.810 -550.6119
3492.016846 75.450 -539.2737
3517.321289 76.218 -534.4758
3542.809326 76.956 -533.6005
3568.481934 77.569 -534.6452
3594.340576 78.016 -536.4351
3620.386719 78.301 -538.1850
3646.621582 78.469 -539.3914
3673.046387 78.574 -539.8282
3699.662842 78.662 -539.3950
3726.472168 78.767 -537.9183
3753.475586 78.943 -535.3019
3780.675049 79.249 -531.8990
3808.071289 79.707 -528.6297
3835.666016 80.265 -526.5129
3863.460938 80.818 -526.0707
3891.457275 81.257 -527.2314
3919.656250 81.501 -529.4822
3948.059814 81.523 -532.0197
3976.668945 81.347 -533.9088
4005.485596 81.048 -534.0649
4034.510986 80.763 -531.3666
4063.746582 80.651 -525.1727
4093.194336 80.812 -516.5164
4122.855469 81.208 -508.6777
4152.730957 81.695 -504.4934
4182.823730 82.114 -504.1954
4213.133789 82.373 -506.5552
4243.664062 82.445 -510.3960
4274.415527 82.315 -514.9156
4305.389648 81.963 -519.3134
4336.588379 81.390 -522.4078
4368.013184 80.653 -522.3080
4399.665527 79.880 -516.1185
4431.547363 79.261 -501.8506
4463.660156 78.946 -485.4032
4496.005371 78.921 -475.9997
4528.585449 79.016 -473.9005
4561.401367 79.036 -475.8149
4594.455078 78.865 -479.1200
4627.748535 78.473 -481.7167
4661.283203 77.915 -481.2366
4695.060547 77.335 -474.9022
4729.083008 76.929 -462.3921
4763.352051 76.833 -450.3685
4797.869141 77.010 -445.3336
4832.636719 77.293 -447.0846
4867.655762 77.515 -453.5442
4902.928711 77.583 -463.3546
4938.457520 77.480 -476.0851
4974.243652 77.230 -492.1980
5010.289062 76.868 -513.2119
5046.595703 76.421 -541.4504
5083.165527 75.907 -576.4263
5120.000000 75.359 -609.3400
5157.101562 74.850 -632.1128
5194.472168 74.491 -639.5264
5232.113281 74.384 -584.1633
5270.027344 74.561 -533.9769
5308.216309 74.967 -535.4327
5346.681641 75.506 -541.3552
5385.426270 76.086 -547.7341
5424.451172 76.629 -553.6335
5463.758789 77.072 -558.6308
5503.351562 77.385 -562.1675
5543.230957 77.588 -563.3365
5583.399414 77.752 -560.9376
5623.859375 77.986 -554.2365
5664.611816 78.391 -544.9630
5705.660156 78.965 -537.1129
5747.005859 79.594 -532.8619
5788.650879 80.134 -531.6206
5830.597656 80.502 -531.9134
5872.848633 80.690 -532.5428
5915.405762 80.727 -532.8186
5958.271484 80.650 -532.3142
6001.447266 80.491 -530.6505
6044.936523 80.290 -527.4980
6088.740234 80.093 -522.7075
6132.861816 79.959 -516.6755
6177.303223 79.924 -510.3935
6222.066406 79.974 -504.8519
6267.154297 80.058 -500.5153
6312.568359 80.118 -497.2798
6358.312012 80.119 -494.7115
6404.386719 80.056 -492.4388
6450.795898 79.937 -490.3243
6497.541016 79.756 -488.3847
6544.625000 79.495 -486.5851
6592.049805 79.131 -484.6737
6639.818359 78.667 -482.2236
6687.933594 78.143 -478.9409
6736.396973 77.610 -475.0249
6785.211426 77.087 -471.1156
6834.379883 76.546 -467.6945
6883.904785 75.965 -464.6352
6933.788574 75.368 -461.7058
6984.033691 74.820 -459.2607
7034.642578 74.404 -458.4113
7085.618652 74.196 -460.4839
7136.963867 74.254 -466.3425
7188.681152 74.615 -475.9678
7240.773438 75.269 -487.8353
7293.243164 76.152 -499.2406
7346.092773 77.171 -508.5469
7399.325684 78.228 -515.7820
7452.944336 79.239 -521.6098
7506.951172 80.132 -526.5001
7561.350098 80.867 -530.4582
7616.142578 81.444 -533.2105
7671.332031 81.910 -534.4467
7726.921875 82.327 -534.1213
7782.914551 82.737 -532.6188
7839.312500 83.126 -530.6459
7896.119629 83.439 -528.7009
7953.337891 83.622 -526.6945
8010.971191 83.669 -524.1041
8069.021973 83.630 -520.4932
8127.493164 83.578 -515.8963
8186.388672 83.561 -510.7415
8245.710938 83.590 -505.4991
8305.461914 83.650 -500.5075
8365.647461 83.707 -496.0719
8426.267578 83.704 -492.3703
8487.328125 83.581 -489.1376
8548.831055 83.315 -485.6617
8610.779297 82.948 -481.3174
8673.176758 82.568 -476.4044
8736.026367 82.227 -472.2243
8799.331055 81.895 -470.0368
8863.094727 81.494 -470.2407
8927.320312 80.976 -472.6755
8992.010742 80.368 -477.5768
9057.170898 79.768 -487.2180
9122.802734 79.312 -510.2458
9188.910156 79.089 -557.9780
9255.497070 79.075 -592.9850
9322.566406 79.161 -605.8100
9390.121094 79.254 -608.7790
9458.166016 79.344 -605.1249
9526.704102 79.473 -596.6932
9595.738281 79.670 -586.6026
9665.273438 79.919 -576.8324
9735.311523 80.211 -566.7646
9805.857422 80.584 -555.4599
9876.915039 81.087 -543.6570
9948.487305 81.715 -533.0917
10020.578125 82.406 -524.6887
10093.191406 83.086 -518.3079
10166.331055 83.699 -513.5120
10240.000000 84.200 -510.0042
10314.203125 84.544 -507.5929
10388.944336 84.685 -505.9687
10464.226562 84.604 -504.6482
10540.054688 84.317 -503.1919
10616.432617 83.870 -501.5359
10693.363281 83.303 -500.1441
10770.852539 82.631 -499.7060
10848.902344 81.860 -500.7884
10927.517578 81.041 -504.1050
11006.703125 80.292 -511.0588
11086.461914 79.773 -523.7063
11166.798828 79.601 -542.5005
11247.718750 79.772 -562.4631
11329.223633 80.176 -577.2997
11411.320312 80.687 -585.9403
11494.011719 81.220 -589.8842
11577.301758 81.735 -590.4773
11661.195312 82.217 -588.6398
11745.697266 82.656 -585.1262
11830.811523 83.035 -580.4626
11916.542969 83.342 -574.8221
12002.894531 83.581 -568.4138
12089.873047 83.748 -561.8151
12177.480469 83.819 -555.4761
12265.723633 83.786 -549.3846
12354.606445 83.666 -543.6339
12444.132812 83.463 -538.6038
12534.308594 83.146 -534.4690
12625.136719 82.679 -531.0278
12716.624023 82.037 -527.9296
12808.773438 81.232 -525.0051
12901.591797 80.294 -522.5205
12995.082031 79.258 -521.1382
13089.250000 78.152 -521.7601
13184.099609 77.016 -525.6307
13279.636719 75.945 -534.9229
13375.867188 75.100 -552.0059
13472.793945 74.638 -572.9156
13570.422852 74.598 -588.0725
13668.759766 74.873 -595.6166
13767.809570 75.299 -598.2887
13867.577148 75.731 -598.1661
13968.067383 76.082 -596.3196
14069.285156 76.306 -593.2829
14171.237305 76.382 -589.3557
14273.927734 76.296 -584.6560
14377.362305 76.048 -579.1212
14481.546875 75.663 -572.9189
14586.486328 75.165 -566.7796
14692.185547 74.547 -561.4963
14798.651367 73.790 -557.4723
14905.888672 72.881 -554.9814
15013.902344 71.823 -554.4663
15122.700195 70.643 -556.7552
15232.285156 69.427 -563.5685
15342.664062 68.339 -577.5298
15453.843750 67.577 -597.5717
15565.829102 67.263 -613.9913
15678.625000 67.371 -621.1992
15792.239258 67.773 -621.7556
15906.675781 68.313 -619.0377
16021.942383 68.855 -615.2129
16138.043945 69.291 -611.4082
16254.986328 69.546 -608.0338
16372.777344 69.571 -605.1279
16491.421875 69.337 -602.5698
16610.923828 68.836 -600.1620
16731.294922 68.072 -597.7327
16852.535156 67.060 -595.1461
16974.656250 65.832 -592.3729
17097.662109 64.460 -590.0179
17221.558594 63.069 -590.1109
17346.353516 61.858 -596.8376
17472.052734 61.055 -614.0656
17598.662109 60.768 -634.7816
17726.189453 60.871 -648.2768
17854.640625 61.106 -655.0271
17984.021484 61.260 -657.8776
18114.341797 61.234 -658.2612
18245.605469 61.012 -656.9514
18377.820312 60.615 -654.7402
18510.994141 60.057 -652.5582
18645.132812 59.320 -651.1777
18780.242188 58.379 -651.0576
18916.332031 57.213 -652.4841
19053.408203 55.824 -655.8614
19191.476562 54.240 -662.4450
19330.546875 52.517 -676.5500
19470.623047 50.719 -709.5929
19611.714844 48.913 -753.5717
19753.830078 47.195 -773.2016
19896.974609 45.756 -778.7109

