RT60 data saved by REW V5.31.3
Source: Scarlett 2i2 4th Gen, no input selected, 1, volume: no control
Dated: Apr 30, 2026 7:38:30 PM
Measurement: L+R industra_mejdan Apr 30
Sweep level: -12.2 dBFS
Response measured over: 0.4 to 19,999.9 Hz
Peak value: 0.011276659 at index 48000
Response length: 131072 samples
Sample interval: 2.0833333333333333E-5 seconds
Start time: -0.999999982653977 seconds

Format is freq (Hz), BW (octaves), EDT (s), r, T20 (s), r, T30 (s), r, Topt (s), r, ToptStart (dB), ToptEnd (dB), T60M (s), reverse/forward/zero phase filtered, C50 (dB), C80 (dB), D50 (%), TS (s)

50 1/3 2.116 -0.963 2.331 -0.986 2.165 -0.995 2.163 -0.995 -5.000 -36.000 0.000 Forward 2.71 3.40 65.1 0.159
63 1/3 2.784 -0.928 2.384 -0.985 2.257 -0.995 2.288 -0.995 -5.000 -37.000 0.000 Forward 2.39 4.28 63.4 0.157
80 1/3 2.275 -0.974 1.855 -0.989 2.024 -0.994 2.049 -0.996 -5.000 -39.000 0.000 Forward 0.70 1.96 54.0 0.142
100 1/3 0.825 -0.885 1.797 -0.985 2.095 -0.986 2.255 -0.994 -10.000 -53.000 0.000 Forward 8.59 8.66 87.8 0.069
125 1/3 0.334 -0.906 1.427 -0.984 1.931 -0.977 2.161 -0.991 -12.000 -47.000 0.000 Forward 10.41 10.84 91.7 0.049
160 1/3 0.886 -0.983 1.453 -0.988 1.552 -0.991 1.430 -0.993 -5.000 -30.000 0.000 Forward 3.53 6.82 69.3 0.071
200 1/3 0.945 -0.964 1.747 -0.989 1.961 -0.994 1.946 -0.993 -10.000 -41.000 0.000 Forward 0.22 6.23 51.3 0.084
250 1/3 1.470 -0.876 1.800 -0.994 1.956 -0.996 1.984 -0.997 -5.000 -41.000 0.000 Forward 5.85 6.82 79.4 0.058
315 1/3 0.257 -0.979 1.545 -0.993 1.750 -0.995 1.886 -0.998 -10.000 -51.000 0.000 Forward 9.85 11.36 90.6 0.032
400 1/3 0.588 -0.893 1.857 -0.983 2.065 -0.993 2.111 -0.999 -11.000 -49.000 0.000 Forward 8.17 9.84 86.8 0.032
500 1/3 0.824 -0.900 1.821 -0.997 2.018 -0.996 1.845 -0.998 -9.000 -27.000 0.000 Forward 6.41 8.80 81.4 0.042
630 1/3 0.901 -0.952 1.825 -0.996 1.900 -0.998 1.979 -0.999 -9.000 -44.000 0.000 Forward 5.17 7.91 76.7 0.047
800 1/3 1.043 -0.900 1.557 -0.996 1.702 -0.997 1.819 -0.998 -5.000 -48.000 0.000 Forward 5.94 7.31 79.7 0.042
1000 1/3 1.347 -0.990 1.705 -0.997 1.747 -0.999 1.774 -0.999 -5.000 -42.000 0.000 Forward 1.37 3.36 57.8 0.080
1250 1/3 1.008 -0.938 1.563 -0.995 1.719 -0.997 1.749 -0.998 -5.000 -45.000 0.000 Forward 5.42 7.10 77.7 0.045
1600 1/3 0.811 -0.895 1.522 -0.998 1.645 -0.998 1.691 -0.999 -10.000 -36.000 0.000 Forward 8.06 9.11 86.5 0.030
2000 1/3 0.701 -0.886 1.448 -0.996 1.490 -0.999 1.512 -0.999 -9.000 -37.000 0.000 Forward 8.00 9.49 86.3 0.028
2500 1/3 0.609 -0.914 1.293 -0.997 1.389 -0.998 1.461 -0.999 -10.000 -43.000 0.000 Forward 8.73 10.11 88.2 0.024
3150 1/3 0.834 -0.983 1.181 -0.997 1.207 -0.999 1.207 -0.999 -5.000 -35.000 0.000 Forward 5.60 7.83 78.4 0.037
4000 1/3 0.217 -0.857 0.911 -0.995 1.002 -0.997 1.052 -0.999 -11.000 -42.000 0.000 Forward 12.34 14.36 94.5 0.012
5000 1/3 0.248 -0.818 0.795 -0.998 0.840 -0.998 0.820 -0.999 -10.000 -30.000 0.000 Forward 11.83 14.20 93.8 0.012
6300 1/3 0.182 -0.815 0.584 -0.990 0.650 -0.996 0.677 -0.999 -11.000 -35.000 0.000 Forward 14.29 17.50 96.4 0.008
8000 1/3 0.072 -0.831 0.433 -0.987 0.495 -0.995 0.526 -0.999 -12.000 -42.000 0.000 Forward 17.31 20.72 98.2 0.005
10000 1/3 0.083 -0.838 0.339 -0.989 0.390 -0.994 0.448 -0.998 -11.000 -50.000 0.000 Forward 18.27 22.55 98.5 0.005

full 1/3 0.219 -0.866 1.429 -0.978 1.663 -0.993 1.730 -0.999 -13.000 -34.000 0.000 Forward 12.40 14.42 94.6 0.012

