* Measurement data measured by REW V5.31.3
* Source: Scarlett 2i2 4th Gen, MICROPHONE, 1, volume: no control
* Format: 256k Log Swept Sine, 2 sweeps at -12.2 dBFS using a loopback as a timing reference
* Dated: May 16, 2026 9:36:47 AM
* REW Settings:
*  C-weighting compensation: Off
*  Target level: 75.0 dB
* Note: ; Delay 4.5798 ms (1.571 m, 5 ft 1.8 in)  relative to Loopback from SPEAKER L to MICROPHONE 2 with no timing offset
* Measurement: L uTV_doma_loopback May 16
* Smoothing: 1/12 octave
* Frequency Step: 1/96 octave
* Start Frequency: 20.000 Hz
*
* Freq(Hz) SPL(dB) Phase(degrees)
20.000000 83.733 -101.3818
20.144928 83.889 -114.4985
20.290907 83.918 -127.7040
20.437943 83.819 -140.9706
20.586044 83.594 -154.3347
20.735220 83.249 -167.9517
20.885475 82.798 177.8702
21.036821 82.266 162.4805
21.189262 81.703 144.4374
21.342808 81.179 120.4321
21.497467 80.784 84.3947
21.653246 80.597 39.2300
21.810154 80.653 5.3655
21.968201 80.924 -15.3922
22.127390 81.348 -29.2155
22.287735 81.869 -39.1827
22.449242 82.460 -46.5820
22.611917 83.124 -52.0433
22.775772 83.884 -55.9819
22.940815 84.757 -58.8062
23.107054 85.739 -60.9834
23.274498 86.799 -62.9924
23.443153 87.890 -65.2422
23.613033 88.962 -67.9954
23.784142 89.974 -71.3574
23.956491 90.899 -75.3167
24.130091 91.717 -79.7883
24.304947 92.419 -84.6597
24.481071 93.002 -89.8107
24.658470 93.467 -95.1271
24.837156 93.817 -100.5077
25.017136 94.061 -105.8643
25.198421 94.204 -111.1238
25.381020 94.259 -116.2286
25.564941 94.237 -121.1401
25.750195 94.149 -125.8386
25.936790 94.008 -130.3258
26.124741 93.824 -134.6234
26.314051 93.607 -138.7697
26.504732 93.362 -142.8130
26.696796 93.088 -146.8026
26.890253 92.784 -150.7799
27.085112 92.445 -154.7705
27.281382 92.067 -158.7847
27.479073 91.646 -162.8171
27.678198 91.182 -166.8599
27.878765 90.682 -170.9119
28.080786 90.157 -174.9990
28.284271 89.622 -179.1853
28.489231 89.093 176.4209
28.695675 88.584 171.6715
28.903616 88.097 166.4011
29.113064 87.626 160.4481
29.324028 87.153 153.6729
29.536524 86.659 145.9493
29.750557 86.132 137.1261
29.966141 85.578 126.9017
30.183289 85.037 114.4816
30.402010 84.589 97.1774
30.622314 84.337 63.4137
30.844217 84.362 -11.1860
31.067726 84.662 -55.3342
31.292856 85.156 -74.3145
31.519617 85.731 -86.6997
31.748020 86.304 -96.1135
31.978081 86.837 -103.5181
32.209808 87.342 -109.2109
32.443211 87.858 -113.3267
32.678310 88.437 -116.0449
32.915108 89.111 -117.6746
33.153625 89.882 -118.6272
33.393871 90.721 -119.2974
33.635857 91.593 -119.9341
33.879597 92.477 -120.6033
34.125103 93.374 -121.2471
34.372387 94.308 -121.8030
34.621464 95.305 -122.3164
34.872345 96.379 -122.9976
35.125042 97.514 -124.1797
35.379574 98.672 -126.1975
35.635948 99.801 -129.2671
35.894180 100.855 -133.4421
36.154285 101.794 -138.6436
36.416275 102.593 -144.7119
36.680161 103.237 -151.4561
36.945961 103.717 -158.6797
37.213688 104.029 -166.1924
37.483353 104.172 -173.8145
37.754974 104.146 178.6296
38.028561 103.955 171.3208
38.304131 103.604 164.4531
38.581699 103.098 158.2419
38.861279 102.452 152.9304
39.142883 101.686 148.7939
39.426529 100.841 146.1248
39.712231 99.976 145.1892
40.000000 99.182 146.1448
40.289856 98.576 148.9302
40.581814 98.274 153.1802
40.875885 98.359 158.2339
41.172089 98.841 163.2310
41.470440 99.654 167.2710
41.770950 100.683 169.6213
42.073643 101.798 169.8906
42.378525 102.887 168.0581
42.685616 103.867 164.3748
42.994934 104.679 159.2229
43.306492 105.289 153.0195
43.620308 105.676 146.1748
43.936401 105.831 139.0847
44.254780 105.752 132.1401
44.575470 105.446 125.7356
44.898483 104.934 120.2805
45.223835 104.251 116.2007
45.551544 103.455 113.9153
45.881630 102.635 113.7642
46.214108 101.915 115.8782
46.548996 101.435 120.0210
46.886307 101.316 125.5164
47.226067 101.612 131.3767
47.568283 102.284 136.5850
47.912983 103.232 140.3611
48.260181 104.338 142.2822
48.609894 105.496 142.2520
48.962143 106.626 140.4009
49.316940 107.671 136.9756
49.674313 108.592 132.2683
50.034271 109.365 126.5781
50.396843 109.975 120.1929
50.762039 110.417 113.3816
51.129883 110.695 106.3896
51.500389 110.816 99.4343
51.873581 110.797 92.6973
52.249481 110.658 86.3181
52.628101 110.421 80.3926
53.009464 110.106 74.9734
53.393593 109.731 70.0837
53.780506 109.311 65.7327
54.170223 108.852 61.9380
54.562763 108.363 58.7422
54.958145 107.854 56.2153
55.356396 107.341 54.4385
55.757530 106.852 53.4651
56.161572 106.425 53.2615
56.568542 106.099 53.6641
56.978462 105.896 54.3938
57.391350 105.817 55.1543
57.807232 105.838 55.7466
58.226128 105.932 56.1265
58.648056 106.080 56.3733
59.073048 106.281 56.6042
59.501114 106.552 56.8892
59.932281 106.912 57.1863
60.366577 107.372 57.3237
60.804020 107.926 57.0432
61.244629 108.542 56.0918
61.688435 109.180 54.3130
62.135452 109.796 51.6860
62.585712 110.359 48.3040
63.039234 110.849 44.3152
63.496040 111.262 39.8726
63.956161 111.596 35.0986
64.419617 111.855 30.0820
64.886421 112.039 24.8877
65.356621 112.148 19.5679
65.830215 112.181 14.1770
66.307251 112.135 8.7737
66.787743 112.011 3.4207
67.271713 111.805 -1.8118
67.759193 111.517 -6.8389
68.250206 111.146 -11.5581
68.744774 110.690 -15.8345
69.242928 110.151 -19.4866
69.744690 109.539 -22.2725
70.250084 108.879 -23.9114
70.759148 108.221 -24.1912
71.271896 107.639 -23.1580
71.788361 107.206 -21.2598
72.308571 106.952 -19.2063
72.832550 106.847 -17.5583
73.360321 106.829 -16.4341
73.891922 106.852 -15.5435
74.427376 106.912 -14.4202
74.966705 107.056 -12.7151
75.509949 107.346 -10.5193
76.057121 107.813 -8.4814
76.608261 108.414 -7.4556
77.163399 109.061 -7.9312
77.722557 109.667 -9.8560
78.285767 110.179 -12.8606
78.853058 110.577 -16.5105
79.424461 110.861 -20.4258
80.000000 111.049 -24.3037
80.579712 111.171 -27.9299
81.163628 111.265 -31.1975
81.751770 111.367 -34.1143
82.344177 111.509 -36.7939
82.940880 111.704 -39.4253
83.541901 111.947 -42.2378
84.147285 112.213 -45.4358
84.757050 112.463 -49.1299
85.371231 112.653 -53.2932
85.989868 112.751 -57.7776
86.612984 112.737 -62.3604
87.240616 112.609 -66.7808
87.872803 112.373 -70.7585
88.509560 112.056 -74.0090
89.150940 111.703 -76.2874
89.796967 111.385 -77.4824
90.447670 111.181 -77.7449
91.103088 111.154 -77.5464
91.763260 111.312 -77.5430
92.428215 111.605 -78.2981
93.097992 111.950 -80.0708
93.772614 112.266 -82.7942
94.452133 112.495 -86.1724
95.136566 112.608 -89.7788
95.825966 112.615 -93.1477
96.520363 112.564 -95.8975
97.219788 112.531 -97.8982
97.924286 112.592 -99.3833
98.633881 112.780 -100.8313
99.348625 113.078 -102.6733
100.068542 113.449 -105.1035
100.793686 113.862 -108.1238
101.524078 114.303 -111.6775
102.259766 114.768 -115.7471
103.000778 115.249 -120.3811
103.747162 115.731 -125.6746
104.498962 116.181 -131.7212
105.256203 116.553 -138.5598
106.018929 116.790 -146.1111
106.787186 116.838 -154.1326
107.561012 116.653 -162.1926
108.340446 116.220 -169.7078
109.125526 115.560 -176.0371
109.916290 114.741 179.3242
110.712791 113.877 176.5002
111.515060 113.099 175.0427
112.323143 112.510 174.0657
113.137085 112.132 172.7349
113.956924 111.916 170.6636
114.782700 111.791 167.8713
115.614464 111.709 164.5186
116.452255 111.645 160.7139
117.296112 111.585 156.4741
118.146095 111.509 151.7810
119.002228 111.392 146.6514
119.864563 111.212 141.1606
120.733154 110.951 135.4170
121.608040 110.600 129.5217
122.489258 110.145 123.5828
123.376869 109.563 117.7869
124.270905 108.832 112.5015
125.171425 107.939 108.3450
126.078468 106.906 106.2168
126.992081 105.815 107.1658
127.912323 104.825 111.7979
128.839233 104.155 119.0874
129.772842 103.968 126.1511
130.713242 104.247 130.4504
131.660431 104.814 131.3149
132.614502 105.465 129.2024
133.575485 106.044 124.8193
134.543427 106.451 118.8672
135.518387 106.631 112.0669
136.500412 106.563 105.2441
137.489548 106.275 99.4360
138.485855 105.855 95.9800
139.489380 105.481 96.3098
140.500168 105.388 100.6509
141.518295 105.727 106.0298
142.543793 106.437 108.1570
143.576721 107.317 105.6375
144.617142 108.191 99.4441
145.665100 108.970 90.8601
146.720642 109.641 80.8069
147.783844 110.233 69.8267
148.854752 110.787 58.1384
149.933411 111.322 45.6978
151.019897 111.814 32.3218
152.114243 112.201 17.8479
153.216522 112.404 2.2703
154.326797 112.352 -14.1870
155.445114 111.997 -31.0925
156.571533 111.323 -47.9045
157.706116 110.346 -64.0876
158.848923 109.098 -79.1592
160.000000 107.638 -92.6165
161.159424 106.060 -103.6572
162.327255 104.554 -110.3787
163.503540 103.493 -106.5049
164.688354 103.348 -71.2112
165.881760 104.228 -28.3906
167.083801 105.720 -21.1702
168.294571 107.363 -25.9612
169.514099 108.892 -35.5959
170.742462 110.186 -47.9397
171.979736 111.201 -61.7986
173.225967 111.935 -76.2344
174.481232 112.432 -90.4805
175.745605 112.770 -103.9995
177.019119 113.050 -116.5352
178.301880 113.371 -128.1348
179.593933 113.783 -139.0913
180.895340 114.276 -149.8115
182.206177 114.784 -160.6382
183.526520 115.228 -171.7271
184.856430 115.542 176.9778
186.195984 115.688 165.6936
187.545227 115.659 154.7180
188.904266 115.481 144.3193
190.273132 115.206 134.6235
191.651932 114.885 125.5911
193.040726 114.559 117.1230
194.439575 114.251 109.1382
195.848572 113.987 101.5408
197.267761 113.785 94.1423
198.697250 113.645 86.6641
200.137085 113.538 78.8645
201.587372 113.420 70.6506
203.048157 113.253 62.0491
204.519531 113.017 53.1255
206.001556 112.699 43.9424
207.494324 112.299 34.5461
208.997925 111.818 24.9536
210.512405 111.246 15.2185
212.037857 110.562 5.6035
213.574371 109.747 -3.1201
215.122025 108.819 -9.0845
216.680893 107.884 -7.5105
218.251053 107.147 12.5027
219.832581 106.854 44.8040
221.425583 107.112 56.8403
223.030121 107.778 55.3037
224.646286 108.574 48.1479
226.274170 109.261 38.0342
227.913849 109.694 26.2104
229.565399 109.815 13.7361
231.228928 109.639 1.9077
232.904510 109.244 -7.0789
234.592224 108.755 -7.4854
236.292191 108.306 16.5173
238.004456 107.981 51.5518
239.729126 107.787 58.2019
241.466309 107.698 53.4983
243.216080 107.694 45.7957
244.978516 107.756 37.3291
246.753738 107.844 28.7603
248.541809 107.909 20.3489
250.342850 107.902 12.2673
252.156937 107.783 4.7380
253.984161 107.534 -1.8691
255.824646 107.179 -7.1340
257.678467 106.788 -10.8325
259.545685 106.459 -12.8914
261.426483 106.318 -13.0715
263.320862 106.494 -11.1675
265.229004 107.062 -7.8254
267.150970 107.959 -5.0786
269.086853 109.006 -5.1487
271.036774 110.012 -8.7976
273.000824 110.838 -15.4038
274.979095 111.402 -23.8606
276.971710 111.660 -33.0608
278.978760 111.598 -41.8975
281.000336 111.251 -49.2188
283.036591 110.727 -54.0850
285.087585 110.202 -56.3040
287.153442 109.863 -56.8296
289.234283 109.812 -57.3074
291.330200 110.018 -58.8884
293.441284 110.391 -61.6641
295.567688 110.874 -65.2068
297.709503 111.450 -69.2952
299.866821 112.094 -74.1094
302.039795 112.759 -79.9351
304.228485 113.390 -86.8354
306.433044 113.948 -94.6755
308.653595 114.400 -103.3289
310.890228 114.697 -112.6782
313.143066 114.784 -122.4487
315.412231 114.619 -132.0842
317.697845 114.199 -140.7988
320.000000 113.573 -147.7524
322.318848 112.842 -152.3472
324.654510 112.145 -154.6848
327.007080 111.617 -155.7380
329.376709 111.328 -156.6809
331.763519 111.276 -158.2485
334.167603 111.403 -160.8596
336.589142 111.614 -164.6709
339.028198 111.818 -169.4248
341.484924 111.969 -174.5706
343.959473 112.084 -179.6257
346.451935 112.208 175.5383
348.962463 112.377 170.8022
351.491211 112.612 166.0605
354.038239 112.922 161.1755
356.603760 113.291 155.8262
359.187866 113.659 149.6572
361.790680 113.942 142.6250
364.412354 114.080 135.1401
367.053040 114.065 127.9048
369.712860 113.960 121.5918
372.391968 113.884 116.4529
375.090454 113.954 112.0562
377.808533 114.213 107.4602
380.546265 114.602 101.7883
383.303864 115.012 94.6997
386.081451 115.347 86.3884
388.879150 115.546 77.2874
391.697144 115.579 67.8867
394.535522 115.447 58.7051
397.394501 115.194 50.1890
400.274170 114.896 42.4529
403.174744 114.624 35.1892
406.096313 114.396 27.9741
409.039062 114.190 20.6677
412.003113 113.988 13.3762
414.988647 113.790 6.0962
417.995850 113.587 -1.3225
421.024811 113.351 -8.8030
424.075714 113.069 -15.9216
427.148743 112.772 -22.2449
430.244049 112.522 -27.8735
433.361786 112.346 -33.5801
436.502106 112.207 -40.0735
439.665161 112.039 -47.3140
442.851166 111.818 -54.7185
446.060242 111.573 -61.6311
449.292572 111.379 -67.6267
452.548340 111.303 -72.9453
455.827698 111.345 -78.6274
459.130798 111.424 -85.7805
462.457855 111.434 -94.6306
465.809021 111.310 -104.6650
469.184448 111.012 -115.2004
472.584381 110.505 -125.4106
476.008911 109.781 -134.2661
479.458252 108.901 -140.8943
482.932617 108.000 -145.2251
486.432159 107.247 -148.3752
489.957031 106.748 -152.1873
493.507477 106.468 -158.0215
497.083618 106.264 -166.0425
500.685699 106.004 -175.5000
504.313873 105.647 174.6931
507.968323 105.246 165.7090
511.649292 104.910 159.0298
515.356934 104.749 156.5583
519.091370 104.804 158.5588
522.852966 105.006 159.8684
526.641724 105.220 154.7363
530.458008 105.321 143.1479
534.301941 105.238 127.1572
538.173706 104.960 107.9817
542.073547 104.541 85.4031
546.001648 104.119 56.8525
549.958191 103.897 16.6550
553.943420 104.060 -31.8870
557.957520 104.670 -67.5681
562.000671 105.656 -88.1252
566.073181 106.859 -100.6814
570.175171 108.095 -110.9517
574.306885 109.211 -122.4717
578.468567 110.119 -136.0308
582.660400 110.824 -150.8323
586.882568 111.392 -165.9937
591.135376 111.892 178.8862
595.419006 112.344 164.0171
599.733643 112.734 149.6135
604.079590 113.041 135.9890
608.456970 113.278 123.5359
612.866089 113.508 112.4282
617.307190 113.809 102.0859
621.780457 114.193 91.3862
626.286133 114.589 79.5312
630.824463 114.899 66.4185
635.395691 115.046 52.5139
640.000000 115.004 38.5078
644.637695 114.791 25.0459
649.309021 114.459 12.6216
654.014160 114.084 1.4170
658.753418 113.742 -8.9106
663.527039 113.470 -18.9951
668.335205 113.251 -29.1357
673.178284 113.051 -39.0322
678.056396 112.871 -47.9150
682.969849 112.766 -55.0195
687.918945 112.815 -60.4272
692.903870 113.041 -65.5947
697.924927 113.394 -72.3379
702.982422 113.806 -81.2217
708.076477 114.237 -91.8027
713.207520 114.662 -103.6353
718.375732 115.035 -116.5127
723.581360 115.305 -130.1592
728.824707 115.439 -144.1240
734.106079 115.437 -157.9404
739.425720 115.326 -171.2524
744.783936 115.150 175.9829
750.180908 114.941 163.3887
755.617065 114.678 150.6709
761.092529 114.310 138.0859
766.607727 113.820 126.2910
772.162903 113.255 115.7803
777.758301 112.704 106.4614
783.394287 112.239 97.5747
789.071045 111.871 88.2183
794.789001 111.563 78.1587
800.548340 111.284 67.7378
806.349487 111.020 57.4844
812.192627 110.778 48.0977
818.078125 110.602 40.1533
824.006226 110.554 33.3701
829.977295 110.668 26.4395
835.991699 110.923 18.1216
842.049622 111.247 7.8657
848.151428 111.539 -4.3345
854.297485 111.706 -17.9893
860.488098 111.702 -32.3433
866.723572 111.519 -46.6279
873.004211 111.173 -60.0322
879.330322 110.723 -71.7642
885.702332 110.265 -81.2773
892.120483 109.901 -88.2295
898.585144 109.707 -93.0728
905.096680 109.692 -97.9521
911.655396 109.787 -105.0996
918.261597 109.924 -114.7217
924.915710 110.086 -125.9302
931.618042 110.286 -138.0532
938.368896 110.516 -150.8398
945.168762 110.727 -164.2300
952.017822 110.858 -178.0386
958.916504 110.886 168.1909
965.865234 110.856 154.8101
972.864319 110.837 141.6680
979.914062 110.859 128.3857
987.014954 110.904 114.9189
994.167236 110.956 101.7007
1001.371399 111.033 89.2612
1008.627747 111.167 77.5454
1015.936646 111.351 65.5923
1023.298584 111.523 52.3198
1030.713867 111.609 37.5962
1038.182739 111.560 22.0659
1045.705933 111.367 6.5146
1053.283447 111.071 -8.5537
1060.916016 110.736 -23.1709
1068.603882 110.407 -37.6504
1076.347412 110.091 -52.1089
1084.147095 109.793 -66.3647
1092.003296 109.537 -80.1191
1099.916382 109.373 -93.1440
1107.886841 109.366 -105.5229
1115.915039 109.555 -117.8877
1124.001343 109.906 -131.1860
1132.146362 110.323 -145.9966
1140.350342 110.716 -162.2461
1148.613770 111.039 -179.5952
1156.937134 111.269 162.1230
1165.320801 111.367 142.9912
1173.765137 111.282 123.3579
1182.270752 110.985 103.8882
1190.838013 110.509 85.3301
1199.467285 109.944 68.1641
1208.159180 109.399 52.4019
1216.913940 108.953 37.6558
1225.732178 108.629 23.9624
1234.614380 108.420 12.2837
1243.560913 108.326 3.1899
1252.572266 108.328 -4.8633
1261.648926 108.382 -13.9868
1270.791382 108.439 -24.7451
1280.000000 108.477 -37.0928
1289.275391 108.505 -50.4092
1298.618042 108.579 -63.2949
1308.028320 108.773 -75.3477
1317.506836 109.099 -88.3184
1327.054077 109.456 -104.0806
1336.670410 109.703 -122.6152
1346.356567 109.742 -142.7070
1356.112793 109.564 -162.9185
1365.939697 109.258 177.7681
1375.837891 108.952 159.6592
1385.807739 108.755 142.7217
1395.849854 108.721 126.7090
1405.964844 108.835 110.8496
1416.152954 109.031 93.9536
1426.415039 109.222 75.3926
1436.751465 109.344 55.7183
1447.162720 109.391 35.8638
1457.649414 109.406 16.1914
1468.212158 109.424 -3.4951
1478.851440 109.452 -23.1714
1489.567871 109.497 -42.5288
1500.361816 109.568 -61.6538
1511.234131 109.625 -81.2271
1522.185059 109.587 -101.7739
1533.215454 109.390 -122.7900
1544.325806 109.033 -143.3799
1555.516602 108.548 -163.3174
1566.788574 107.968 177.1475
1578.142090 107.339 158.4204
1589.578003 106.753 141.5171
1601.096680 106.329 126.9731
1612.698975 106.139 113.6313
1624.385254 106.145 98.9209
1636.156250 106.233 81.5059
1648.012451 106.322 62.1660
1659.954590 106.414 42.1235
1671.983398 106.546 21.6992
1684.099243 106.725 0.4805
1696.302856 106.928 -21.6436
1708.594971 107.152 -44.2710
1720.976196 107.413 -66.9277
1733.447144 107.733 -89.2568
1746.008423 108.115 -111.2842
1758.660645 108.524 -133.6631
1771.404663 108.883 -157.1914
1784.240967 109.116 178.1206
1797.170288 109.216 152.9023
1810.193359 109.231 127.5840
1823.310791 109.199 102.3442
1836.523193 109.128 77.3633
1849.831421 108.982 52.5850
1863.236084 108.693 27.8066
1876.737793 108.228 3.0874
1890.337524 107.633 -21.6328
1904.035645 106.977 -46.5859
1917.833008 106.303 -71.5767
1931.730469 105.631 -95.8447
1945.728638 104.999 -118.5474
1959.828125 104.487 -139.4512
1974.029907 104.176 -159.1206
1988.334473 104.102 -178.4624
2002.742798 104.236 161.8345
2017.255493 104.510 141.3237
2031.873291 104.870 119.8027
2046.597168 105.294 97.3931
2061.427734 105.776 74.1631
2076.365479 106.301 50.0220
2091.411865 106.838 24.6392
2106.566895 107.328 -2.4482
2121.832031 107.694 -31.4004
2137.207764 107.886 -61.8501
2152.694824 107.913 -93.2383
2168.294189 107.799 -125.1875
2184.006592 107.555 -157.4292
2199.832764 107.189 170.2744
2215.773682 106.725 138.1045
2231.830078 106.193 106.1313
2248.002686 105.616 74.4463
2264.292725 105.032 43.3135
2280.700684 104.491 13.2485
2297.227539 104.053 -14.5420
2313.874268 103.779 -36.8242
2330.641602 103.741 -47.4585
2347.530273 103.978 -48.6821
2364.541504 104.461 -60.0142
2381.676025 105.111 -83.4458
2398.934570 105.821 -113.0410
2416.318359 106.478 -145.8486
2433.827881 107.005 179.5376
2451.464355 107.368 143.9180
2469.228760 107.544 107.7529
2487.121826 107.525 71.3931
2505.144531 107.317 35.1753
2523.297852 106.951 -0.5220
2541.582764 106.476 -35.3799
2560.000000 105.951 -69.2949
2578.550781 105.426 -102.2192
2597.236084 104.947 -133.8125
2616.056641 104.567 -163.4629
2635.013672 104.326 169.3833
2654.108154 104.254 144.3975
2673.340820 104.365 119.4380
2692.713135 104.637 92.0444
2712.225586 105.012 61.5366
2731.879395 105.416 28.4800
2751.675781 105.783 -6.3711
2771.615479 106.068 -42.3867
2791.699707 106.262 -79.1089
2811.929688 106.377 -116.2646
2832.305908 106.417 -153.6943
2852.830078 106.373 168.7632
2873.502930 106.230 131.3389
2894.325439 105.992 94.3193
2915.298828 105.688 57.9214
2936.424316 105.357 22.2686
2957.702881 105.034 -12.6211
2979.135742 104.754 -46.7437
3000.723633 104.571 -80.3281
3022.468262 104.534 -114.0508
3044.370117 104.653 -148.6387
3066.430908 104.884 175.5664
3088.651611 105.164 138.5859
3111.033203 105.435 100.6699
3133.577148 105.658 62.0244
3156.284180 105.796 22.6748
3179.156006 105.813 -17.2598
3202.193359 105.705 -57.4316
3225.397949 105.505 -97.5186
3248.770508 105.260 -137.3174
3272.312500 105.002 -176.6768
3296.024902 104.759 144.6523
3319.909180 104.572 106.8857
3343.966797 104.497 69.9277
3368.198486 104.584 33.1660
3392.605713 104.842 -4.3809
3417.189941 105.229 -43.4941
3441.952393 105.669 -84.3848
3466.894287 106.086 -126.8086
3492.016846 106.421 -170.3154
3517.321289 106.638 145.5664
3542.809326 106.730 101.2803
3568.481934 106.727 57.2002
3594.340576 106.682 13.5820
3620.386719 106.651 -29.3877
3646.621582 106.690 -71.7881
3673.046387 106.822 -114.1602
3699.662842 107.026 -157.2285
3726.472168 107.258 158.5928
3753.475586 107.485 113.2930
3780.675049 107.691 67.0283
3808.071289 107.854 19.9424
3835.666016 107.947 -27.7666
3863.460938 107.966 -75.8076
3891.457275 107.926 -123.9697
3919.656250 107.848 -172.1582
3948.059814 107.758 139.6680
3976.668945 107.689 91.4805
4005.485596 107.667 43.0928
4034.510986 107.682 -5.7266
4063.746582 107.699 -55.0938
4093.194336 107.686 -104.9873
4122.855469 107.628 -155.3408
4152.730957 107.530 153.9531
4182.823730 107.411 103.0342
4213.133789 107.296 52.0029
4243.664062 107.213 0.8506
4274.415527 107.178 -50.4658
4305.389648 107.191 -102.0127
4336.588379 107.229 -153.9121
4368.013184 107.248 153.7402
4399.665527 107.213 101.0547
4431.547363 107.118 48.1475
4463.660156 106.968 -5.0342
4496.005371 106.760 -58.5371
4528.585449 106.503 -112.2275
4561.401367 106.238 -165.9160
4594.455078 106.011 140.4980
4627.748535 105.856 86.9424
4661.283203 105.786 33.1221
4695.060547 105.788 -21.3721
4729.083008 105.833 -76.8203
4763.352051 105.896 -133.2979
4797.869141 105.949 169.2080
4832.636719 105.952 110.8145
4867.655762 105.862 51.9004
4902.928711 105.675 -6.9082
4938.457520 105.433 -65.0371
4974.243652 105.201 -122.2520
5010.289062 105.046 -178.8350
5046.595703 105.013 124.5068
5083.165527 105.107 66.9092
5120.000000 105.283 7.7354
5157.101562 105.462 -53.1172
5194.472168 105.566 -115.2148
5232.113281 105.558 -177.7852
5270.027344 105.466 119.8750
5308.216309 105.366 58.0791
5346.681641 105.340 -3.4424
5385.426270 105.427 -65.4434
5424.451172 105.592 -128.6162
5463.758789 105.758 166.9580
5503.351562 105.858 101.8467
5543.230957 105.887 36.8643
5583.399414 105.920 -27.4365
5623.859375 106.059 -91.2549
5664.611816 106.352 -155.5869
5705.660156 106.759 138.3545
5747.005859 107.176 69.9922
5788.650879 107.501 -0.4004
5830.597656 107.674 -72.0264
5872.848633 107.707 -143.9648
5915.405762 107.681 144.3965
5958.271484 107.695 73.0449
6001.447266 107.801 1.3281
6044.936523 107.961 -71.5898
6088.740234 108.084 -146.0469
6132.861816 108.084 138.3027
6177.303223 107.935 62.1924
6222.066406 107.677 -13.6738
6267.154297 107.391 -88.9922
6312.568359 107.139 -164.0283
6358.312012 106.924 120.6338
6404.386719 106.694 44.7021
6450.795898 106.406 -31.5078
6497.541016 106.060 -107.2354
6544.625000 105.706 178.4434
6592.049805 105.440 105.9219
6639.818359 105.350 34.1279
6687.933594 105.446 -39.1826
6736.396973 105.643 -115.3330
6785.211426 105.844 166.2070
6834.379883 106.010 86.8174
6883.904785 106.175 7.5557
6933.788574 106.396 -71.6006
6984.033691 106.693 -151.6592
7034.642578 107.030 126.5430
7085.618652 107.359 43.1191
7136.963867 107.666 -41.1836
7188.681152 107.984 -125.8584
7240.773438 108.337 148.8184
7293.243164 108.685 62.0615
7346.092773 108.946 -26.4824
7399.325684 109.054 -116.2568
7452.944336 109.017 153.6865
7506.951172 108.904 63.9199
7561.350098 108.796 -25.6768
7616.142578 108.725 -115.5234
7671.332031 108.683 154.4170
7726.921875 108.675 64.6982
7782.914551 108.752 -24.4355
7839.312500 108.967 -113.8945
7896.119629 109.297 154.8242
7953.337891 109.641 61.0996
8010.971191 109.905 -34.5469
8069.021973 110.062 -131.2148
8127.493164 110.150 131.5996
8186.388672 110.218 33.8359
8245.710938 110.275 -64.7402
8305.461914 110.301 -164.1484
8365.647461 110.284 95.8672
8426.267578 110.244 -4.4062
8487.328125 110.216 -104.9355
8548.831055 110.212 154.0859
8610.779297 110.209 52.4883
8673.176758 110.185 -49.5234
8736.026367 110.170 -151.5020
8799.331055 110.239 106.7246
8863.094727 110.456 4.6875
8927.320312 110.823 -98.4531
8992.010742 111.278 156.7285
9057.170898 111.753 50.1738
9122.802734 112.208 -57.9316
9188.910156 112.621 -167.5137
9255.497070 112.967 81.4414
9322.566406 113.223 -30.8613
9390.121094 113.390 -144.0586
9458.166016 113.494 102.1621
9526.704102 113.564 -12.1250
9595.738281 113.611 -126.9766
9665.273438 113.639 117.6426
9735.311523 113.664 1.8223
9805.857422 113.720 -114.4297
9876.915039 113.831 128.7012
9948.487305 114.001 10.9746
10020.578125 114.223 -107.7852
10093.191406 114.480 132.2617
10166.331055 114.751 10.9590
10240.000000 115.010 -111.7832
10314.203125 115.223 124.0586
10388.944336 115.365 -1.3477
10464.226562 115.428 -127.7656
10540.054688 115.415 104.9941
10616.432617 115.338 -22.9062
10693.363281 115.210 -151.3301
10770.852539 115.061 79.8359
10848.902344 114.928 -49.4473
10927.517578 114.839 -179.3750
11006.703125 114.806 49.8477
11086.461914 114.822 -81.9824
11166.798828 114.866 144.9551
11247.718750 114.908 10.6055
11329.223633 114.937 -124.9551
11411.320312 114.951 98.3223
11494.011719 114.951 -39.5449
11577.301758 114.927 -178.5625
11661.195312 114.867 41.3086
11745.697266 114.769 -99.8281
11830.811523 114.634 118.0723
11916.542969 114.465 -24.9785
12002.894531 114.268 -168.9414
12089.873047 114.057 46.2090
12177.480469 113.851 -99.6230
12265.723633 113.647 113.4316
12354.606445 113.432 -34.6523
12444.132812 113.194 176.1777
12534.308594 112.918 25.9473
12625.136719 112.591 -125.2754
12716.624023 112.205 82.6309
12808.773438 111.768 -70.2969
12901.591797 111.292 135.9531
12995.082031 110.783 -18.4961
13089.250000 110.256 -173.4785
13184.099609 109.737 31.1836
13279.636719 109.265 -124.3984
13375.867188 108.895 79.7246
13472.793945 108.675 -76.7402
13570.422852 108.629 125.7246
13668.759766 108.748 -33.4160
13767.809570 108.996 165.3789
13867.577148 109.315 1.8555
13968.067383 109.645 -164.0059
14069.285156 109.933 27.9316
14171.237305 110.140 -142.1211
14273.927734 110.242 46.1191
14377.362305 110.240 -127.0508
14481.546875 110.153 58.5781
14586.486328 110.003 -117.0469
14692.185547 109.818 73.1035
14798.651367 109.618 -98.7695
14905.888672 109.419 82.6465
15013.902344 109.232 -97.0742
15122.700195 109.069 81.9336
15232.285156 108.925 -100.5078
15342.664062 108.776 75.4766
15453.843750 108.591 -110.1465
15565.829102 108.330 62.7422
15678.625000 107.971 -125.6035
15792.239258 107.510 45.1367
15906.675781 106.972 -144.7500
16021.942383 106.405 24.8984
16138.043945 105.872 -166.0137
16254.986328 105.429 2.1816
16372.777344 105.104 169.0508
16491.421875 104.882 -25.7852
16610.923828 104.729 137.4863
16731.294922 104.601 -61.1621
16852.535156 104.461 98.2832
16974.656250 104.284 -104.0977
17097.662109 104.051 51.7793
17221.558594 103.750 -153.9141
17346.353516 103.389 -0.9707
17472.052734 102.989 150.7754
17598.662109 102.580 -58.6660
17726.189453 102.189 90.5469
17854.640625 101.827 -121.9004
17984.021484 101.487 23.6875
18114.341797 101.139 167.1270
18245.605469 100.749 -51.5879
18377.820312 100.288 87.6680
18510.994141 99.736 -134.9121
18645.132812 99.087 0.8535
18780.242188 98.354 135.0859
18916.332031 97.566 -92.2617
19053.408203 96.764 38.6035
19191.476562 95.974 167.3379
19330.546875 95.199 -66.3281
19470.623047 94.424 57.5664
19611.714844 93.644 179.2422
19753.830078 92.891 -60.7520
19896.974609 92.261 58.5410
