* Measurement data measured by REW V5.31.3
* Source: Scarlett 2i2 4th Gen, MICROPHONE, 1, volume: no control
* Format: 256k Log Swept Sine, 2 sweeps at -12.2 dBFS using a loopback as a timing reference
* Dated: May 16, 2026 9:43:07 AM
* REW Settings:
*  C-weighting compensation: Off
*  Target level: 75.0 dB
* Note: ; Delay 5.0806 ms (1.743 m, 5 ft 8.6 in)  relative to Loopback from SPEAKER L to MICROPHONE 2 with no timing offset
* Measurement: L+R uTV_doma_loopback May 16
* Smoothing: 1/12 octave
* Frequency Step: 1/96 octave
* Start Frequency: 20.000 Hz
*
* Freq(Hz) SPL(dB) Phase(degrees)
20.000000 81.198 -51.5306
20.144928 81.303 -48.0233
20.290907 81.539 -43.3876
20.437943 81.970 -38.1075
20.586044 82.608 -33.0099
20.735220 83.408 -28.9258
20.885475 84.290 -26.3542
21.036821 85.174 -25.3866
21.189262 85.996 -25.8489
21.342808 86.713 -27.4634
21.497467 87.298 -29.9347
21.653246 87.736 -32.9857
21.810154 88.020 -36.3583
21.968201 88.148 -39.7970
22.127390 88.125 -43.0378
22.287735 87.967 -45.7919
22.449242 87.705 -47.7411
22.611917 87.401 -48.5713
22.775772 87.151 -48.0586
22.940815 87.077 -46.2549
23.107054 87.293 -43.6733
23.274498 87.833 -41.2386
23.443153 88.633 -39.8972
23.613033 89.580 -40.1942
23.784142 90.569 -42.1964
23.956491 91.528 -45.6771
24.130091 92.422 -50.3041
24.304947 93.240 -55.7493
24.481071 93.988 -61.7278
24.658470 94.679 -68.0071
24.837156 95.334 -74.4111
25.017136 95.973 -80.8160
25.198421 96.615 -87.1537
25.381020 97.275 -93.4052
25.564941 97.957 -99.5950
25.750195 98.659 -105.7766
25.936790 99.368 -112.0144
26.124741 100.067 -118.3688
26.314051 100.734 -124.8787
26.504732 101.349 -131.5602
26.696796 101.893 -138.4012
26.890253 102.350 -145.3666
27.085112 102.707 -152.4005
27.281382 102.952 -159.4304
27.479073 103.078 -166.3696
27.678198 103.079 -173.1162
27.878765 102.952 -179.5527
28.080786 102.697 174.4539
28.284271 102.319 169.0546
28.489231 101.831 164.4117
28.695675 101.253 160.6849
28.903616 100.619 158.0027
29.113064 99.978 156.4120
29.324028 99.384 155.8226
29.536524 98.888 155.9777
29.750557 98.515 156.4963
29.966141 98.258 156.9937
30.183289 98.082 157.2053
30.402010 97.937 157.0460
30.622314 97.781 156.5835
30.844217 97.588 155.9756
31.067726 97.348 155.4045
31.292856 97.067 155.0319
31.519617 96.758 154.9700
31.748020 96.439 155.2765
31.978081 96.124 155.9684
32.209808 95.826 157.0486
32.443211 95.553 158.5339
32.678310 95.316 160.4645
32.915108 95.133 162.8845
33.153625 95.030 165.8064
33.393871 95.036 169.1790
33.635857 95.177 172.8982
33.879597 95.474 176.8501
34.125103 95.942 -179.0450
34.372387 96.597 -174.8575
34.621464 97.450 -170.7439
34.872345 98.494 -167.0449
35.125042 99.692 -164.2545
35.379574 100.981 -162.8451
35.635948 102.289 -163.0833
35.894180 103.552 -164.9778
36.154285 104.722 -168.3544
36.416275 105.765 -172.9518
36.680161 106.663 -178.4918
36.945961 107.405 175.2855
37.213688 107.986 168.6133
37.483353 108.405 161.6978
37.754974 108.664 154.7252
38.028561 108.765 147.8726
38.304131 108.714 141.3116
38.581699 108.519 135.2141
38.861279 108.192 129.7528
39.142883 107.751 125.1021
39.426529 107.222 121.4294
39.712231 106.641 118.8877
40.000000 106.055 117.6119
40.289856 105.524 117.7334
40.581814 105.124 119.3984
40.875885 104.955 122.7377
41.172089 105.122 127.6619
41.470440 105.689 133.4827
41.770950 106.620 138.7941
42.073643 107.782 142.1127
42.378525 109.015 142.6975
42.685616 110.191 140.6383
42.994934 111.225 136.4402
43.306492 112.071 130.6857
43.620308 112.706 123.9012
43.936401 113.123 116.5354
44.254780 113.326 108.9716
44.575470 113.326 101.5396
44.898483 113.142 94.5231
45.223835 112.802 88.1571
45.551544 112.343 82.6152
45.881630 111.805 77.9948
46.214108 111.231 74.3102
46.548996 110.655 71.5131
46.886307 110.099 69.5382
47.226067 109.575 68.3541
47.568283 109.097 67.9821
47.912983 108.685 68.4679
48.260181 108.373 69.8185
48.609894 108.201 71.9392
48.962143 108.204 74.5999
49.316940 108.402 77.4503
49.674313 108.788 80.0748
50.034271 109.329 82.0753
50.396843 109.976 83.1594
50.762039 110.671 83.1971
51.129883 111.365 82.2185
51.500389 112.021 80.3638
51.873581 112.620 77.8140
52.249481 113.153 74.7404
52.628101 113.618 71.2754
53.009464 114.012 67.5155
53.393593 114.329 63.5420
53.780506 114.561 59.4520
54.170223 114.700 55.3794
54.562763 114.748 51.5000
54.958145 114.716 48.0176
55.356396 114.632 45.1239
55.757530 114.540 42.9447
56.161572 114.496 41.4767
56.568542 114.548 40.5526
56.978462 114.721 39.8706
57.391350 115.011 39.0939
57.807232 115.388 37.9650
58.226128 115.815 36.3636
58.648056 116.262 34.2955
59.073048 116.710 31.8359
59.501114 117.153 29.0758
59.932281 117.592 26.0767
60.366577 118.033 22.8535
60.804020 118.475 19.3773
61.244629 118.909 15.5988
61.688435 119.320 11.4827
62.135452 119.687 7.0364
62.585712 119.994 2.3237
63.039234 120.229 -2.5402
63.496040 120.393 -7.4116
63.956161 120.497 -12.1542
64.419617 120.564 -16.6711
64.886421 120.623 -20.9348
65.356621 120.697 -24.9908
65.830215 120.805 -28.9418
66.307251 120.949 -32.9126
66.787743 121.126 -37.0182
67.271713 121.323 -41.3484
67.759193 121.523 -45.9612
68.250206 121.708 -50.8794
68.744774 121.859 -56.0853
69.242928 121.958 -61.5129
69.744690 121.995 -67.0552
70.250084 121.973 -72.5837
70.759148 121.909 -77.9918
71.271896 121.834 -83.2408
71.788361 121.780 -88.3955
72.308571 121.771 -93.6198
72.832550 121.810 -99.1309
73.360321 121.875 -105.1299
73.891922 121.925 -111.7401
74.427376 121.912 -118.9783
74.966705 121.790 -126.7545
75.509949 121.520 -134.8896
76.057121 121.075 -143.1453
76.608261 120.442 -151.2518
77.163399 119.617 -158.9326
77.722557 118.609 -165.9221
78.285767 117.428 -171.9688
78.853058 116.092 -176.8241
79.424461 114.622 179.7939
80.000000 113.043 178.2656
80.579712 111.391 179.1744
81.163628 109.731 -176.5659
81.751770 108.181 -167.7383
82.344177 106.937 -153.7017
82.940880 106.231 -136.7108
83.541901 106.186 -121.8010
84.147285 106.695 -111.8239
84.757050 107.527 -106.3032
85.371231 108.483 -103.8973
85.989868 109.449 -103.5660
86.612984 110.370 -104.6553
87.240616 111.224 -106.7677
87.872803 112.001 -109.6475
88.509560 112.700 -113.1135
89.150940 113.324 -117.0332
89.796967 113.878 -121.3181
90.447670 114.364 -125.9165
91.103088 114.782 -130.7937
91.763260 115.130 -135.9100
92.428215 115.407 -141.2150
93.097992 115.617 -146.6576
93.772614 115.765 -152.2010
94.452133 115.861 -157.8398
95.136566 115.910 -163.6107
95.825966 115.909 -169.5847
96.520363 115.841 -175.8182
97.219788 115.679 177.7045
97.924286 115.393 171.1115
98.633881 114.968 164.6525
99.348625 114.415 158.7112
100.068542 113.789 153.8912
100.793686 113.224 151.2913
101.524078 112.945 153.2649
102.259766 113.193 164.5305
103.000778 114.028 -172.9307
103.747162 115.253 -154.7795
104.498962 116.582 -150.2013
105.256203 117.801 -153.9415
106.018929 118.789 -161.8146
106.787186 119.485 -171.7223
107.561012 119.866 177.5333
108.340446 119.939 166.7787
109.125526 119.738 156.6321
109.916290 119.326 147.5142
110.712791 118.788 139.6018
111.515060 118.217 132.8010
112.323143 117.688 126.8054
113.137085 117.227 121.2644
113.956924 116.813 115.9850
114.782700 116.407 111.0232
115.614464 115.991 106.6146
116.452255 115.591 102.9760
117.296112 115.269 100.0735
118.146095 115.089 97.5140
119.002228 115.068 94.7020
119.864563 115.161 91.1683
120.733154 115.301 86.7600
121.608040 115.432 81.5681
122.489258 115.526 75.7500
123.376869 115.569 69.4167
124.270905 115.549 62.6184
125.171425 115.445 55.3959
126.078468 115.228 47.8461
126.992081 114.869 40.1582
127.912323 114.343 32.6315
128.839233 113.633 25.7070
129.772842 112.740 20.0216
130.713242 111.698 16.4630
131.660431 110.593 16.0973
132.614502 109.592 19.5984
133.575485 108.908 25.8593
134.543427 108.672 31.5951
135.518387 108.810 34.0985
136.500412 109.115 33.1294
137.489548 109.394 29.7684
138.485855 109.547 25.2249
139.489380 109.548 20.5125
140.500168 109.444 16.4530
141.518295 109.339 13.6754
142.543793 109.389 12.4773
143.576721 109.752 12.5549
144.617142 110.496 12.8954
145.665100 111.556 12.1979
146.720642 112.798 9.5546
147.783844 114.094 4.7048
148.854752 115.360 -2.1902
149.933411 116.545 -10.8555
151.019897 117.606 -21.0657
152.114243 118.495 -32.6616
153.216522 119.156 -45.4728
154.326797 119.535 -59.2059
155.445114 119.597 -73.3979
156.571533 119.333 -87.4849
157.706116 118.770 -100.9375
158.848923 117.959 -113.3682
160.000000 116.972 -124.5718
161.159424 115.895 -134.5295
162.327255 114.835 -143.4229
163.503540 113.905 -151.6799
164.688354 113.193 -159.9365
165.881760 112.704 -168.8167
167.083801 112.355 -178.6809
168.294571 112.017 170.4858
169.514099 111.586 159.0991
170.742462 111.042 148.0129
171.979736 110.490 138.9683
173.225967 110.187 138.9888
174.481232 110.440 -158.6562
175.745605 111.341 -111.3440
177.019119 112.669 -114.8643
178.301880 114.122 -124.5308
179.593933 115.502 -136.6104
180.895340 116.718 -150.0503
182.206177 117.741 -164.3062
183.526520 118.568 -179.0215
184.856430 119.198 166.0300
186.195984 119.620 151.0107
187.545227 119.823 136.1062
188.904266 119.800 121.5645
190.273132 119.565 107.6670
191.651932 119.145 94.6624
193.040726 118.587 82.7356
194.439575 117.948 71.9878
195.848572 117.302 62.3977
197.267761 116.732 53.7886
198.697250 116.318 45.8408
200.137085 116.109 38.1880
201.587372 116.121 30.4707
203.048157 116.334 22.3127
204.519531 116.685 13.3350
206.001556 117.090 3.2798
207.494324 117.469 -7.9036
208.997925 117.766 -20.1121
210.512405 117.948 -33.1995
212.037857 117.985 -47.0210
213.574371 117.856 -61.3999
215.122025 117.548 -76.1182
216.680893 117.067 -90.9641
218.251053 116.431 -105.7705
219.832581 115.663 -120.3999
221.425583 114.797 -134.7336
223.030121 113.871 -148.6729
224.646286 112.930 -162.1101
226.274170 112.025 -174.8335
227.913849 111.237 173.4294
229.565399 110.704 162.5737
231.228928 110.555 151.8225
232.904510 110.785 140.2004
234.592224 111.236 127.2249
236.292191 111.719 113.0442
238.004456 112.120 98.2043
239.729126 112.416 83.3398
241.466309 112.659 68.9133
243.216080 112.929 55.0691
244.978516 113.278 41.5981
246.753738 113.690 28.1152
248.541809 114.089 14.3274
250.342850 114.381 0.1665
252.156937 114.485 -14.2002
253.984161 114.351 -28.4036
255.824646 113.984 -41.9963
257.678467 113.439 -54.7095
259.545685 112.808 -66.6580
261.426483 112.161 -78.2666
263.320862 111.497 -89.9126
265.229004 110.750 -101.5815
267.150970 109.842 -112.8171
269.086853 108.731 -122.9014
271.036774 107.435 -131.0457
273.000824 106.053 -136.5852
274.979095 104.791 -139.2869
276.971710 103.968 -139.6655
278.978760 103.880 -138.4363
281.000336 104.563 -131.6865
283.036591 105.771 -74.9358
285.087585 107.187 -13.3120
287.153442 108.567 -14.7363
289.234283 109.769 -24.3916
291.330200 110.729 -36.9194
293.441284 111.454 -50.3887
295.567688 112.003 -63.7175
297.709503 112.459 -76.4263
299.866821 112.870 -88.5342
302.039795 113.232 -100.2424
304.228485 113.526 -111.5813
306.433044 113.775 -122.4360
308.653595 114.042 -132.9497
310.890228 114.359 -143.6299
313.143066 114.686 -154.9802
315.412231 114.941 -167.2002
317.697845 115.049 179.8245
320.000000 114.972 166.3633
322.318848 114.702 152.6670
324.654510 114.248 138.9009
327.007080 113.643 125.1704
329.376709 112.957 111.4304
331.763519 112.307 97.3572
334.167603 111.824 82.2344
336.589142 111.598 64.1917
339.028198 111.631 30.0627
341.484924 111.843 -109.9771
343.959473 112.122 -141.4761
346.451935 112.377 -160.3540
348.962463 112.563 -176.6138
351.491211 112.669 168.7075
354.038239 112.702 155.4456
356.603760 112.685 143.6753
359.187866 112.663 133.5474
361.790680 112.709 125.2939
364.412354 112.927 118.9790
367.053040 113.403 113.8999
369.712860 114.116 108.5667
372.391968 114.935 101.6748
375.090454 115.709 92.8491
377.808533 116.349 82.5269
380.546265 116.845 71.4744
383.303864 117.256 60.3171
386.081451 117.646 49.2366
388.879150 118.016 38.0684
391.697144 118.298 26.7227
394.535522 118.411 15.6506
397.394501 118.334 6.0071
400.274170 118.126 -1.0508
403.174744 117.884 -5.8208
406.096313 117.656 -10.5037
409.039062 117.407 -16.7874
412.003113 117.076 -24.1658
414.988647 116.658 -31.2639
417.995850 116.222 -37.5999
421.024811 115.851 -43.9858
424.075714 115.567 -51.3337
427.148743 115.333 -59.6526
430.244049 115.110 -68.3391
433.361786 114.899 -76.8088
436.502106 114.728 -84.8037
439.665161 114.625 -92.3442
442.851166 114.613 -99.5437
446.060242 114.709 -106.7532
449.292572 114.905 -114.5747
452.548340 115.171 -123.3901
455.827698 115.480 -133.2500
459.130798 115.804 -144.1572
462.457855 116.094 -156.1335
465.809021 116.277 -169.1021
469.184448 116.273 177.2561
472.584381 116.018 163.5903
476.008911 115.478 150.9236
479.458252 114.669 140.6602
482.932617 113.679 134.2515
486.432159 112.672 132.1384
489.957031 111.861 132.2205
493.507477 111.422 130.7363
497.083618 111.368 125.5215
500.685699 111.556 116.7229
504.313873 111.805 105.3416
507.968323 111.987 92.3564
511.649292 112.034 78.6060
515.356934 111.923 64.9585
519.091370 111.677 52.5479
522.852966 111.375 42.6035
526.641724 111.117 35.3540
530.458008 110.935 28.6711
534.301941 110.748 19.4805
538.173706 110.432 6.9358
542.073547 109.935 -7.6775
546.001648 109.323 -22.7334
549.958191 108.768 -36.9795
553.943420 108.509 -49.7732
557.957520 108.719 -61.8796
562.000671 109.379 -76.1946
566.073181 110.291 -95.6257
570.175171 111.228 -120.4968
574.306885 112.024 -148.6418
578.468567 112.590 -177.2607
582.660400 112.894 155.6025
586.882568 112.961 130.9690
591.135376 112.892 109.2725
595.419006 112.848 90.3721
599.733643 112.982 73.5078
604.079590 113.328 57.6479
608.456970 113.795 42.0918
612.866089 114.275 26.7910
617.307190 114.737 12.1221
621.780457 115.217 -1.7139
626.286133 115.747 -15.1523
630.824463 116.294 -29.0781
635.395691 116.769 -44.0376
640.000000 117.096 -59.8799
644.637695 117.234 -76.0869
649.309021 117.177 -92.0625
654.014160 116.957 -107.2236
658.753418 116.656 -121.2080
663.527039 116.383 -134.1406
668.335205 116.213 -146.6313
673.178284 116.135 -159.4019
678.056396 116.074 -172.7573
682.969849 115.943 173.5239
687.918945 115.685 160.0122
692.903870 115.288 147.4604
697.924927 114.818 136.4351
702.982422 114.404 126.7549
708.076477 114.173 117.5151
713.207520 114.170 107.7588
718.375732 114.358 97.0156
723.581360 114.658 85.2397
728.824707 114.987 72.4980
734.106079 115.256 58.7959
739.425720 115.370 44.2871
744.783936 115.266 29.5703
750.180908 114.964 15.4849
755.617065 114.553 2.6953
761.092529 114.161 -8.5420
766.607727 113.925 -18.7266
772.162903 113.912 -29.2041
777.758301 114.063 -41.2056
783.394287 114.240 -54.9585
789.071045 114.325 -69.8770
794.789001 114.277 -85.2046
800.548340 114.126 -100.6494
806.349487 113.928 -116.5156
812.192627 113.717 -133.1045
818.078125 113.505 -150.3218
824.006226 113.295 -167.6807
829.977295 113.097 175.6699
835.991699 112.907 161.3872
842.049622 112.696 153.2397
848.151428 112.423 155.7520
854.297485 112.055 161.6636
860.488098 111.595 158.0034
866.723572 111.097 146.7314
873.004211 110.627 132.5454
879.330322 110.231 117.9072
885.702332 109.917 103.4580
892.120483 109.647 88.7251
898.585144 109.375 73.6870
905.096680 109.109 59.4844
911.655396 108.883 48.3818
918.261597 108.694 47.1816
924.915710 108.500 70.9316
931.618042 108.276 93.5308
938.368896 108.046 92.1836
945.168762 107.880 82.4272
952.017822 107.870 69.9033
958.916504 108.047 55.8188
965.865234 108.350 40.4648
972.864319 108.688 24.3813
979.914062 109.039 8.2456
987.014954 109.442 -7.6089
994.167236 109.944 -23.2427
1001.371399 110.539 -38.8545
1008.627747 111.184 -54.5103
1015.936646 111.838 -70.1567
1023.298584 112.473 -85.9434
1030.713867 113.052 -102.3740
1038.182739 113.513 -119.8843
1045.705933 113.813 -138.3149
1053.283447 113.972 -157.1362
1060.916016 114.059 -176.0059
1068.603882 114.141 165.1353
1076.347412 114.256 146.1675
1084.147095 114.390 126.9048
1092.003296 114.499 107.2559
1099.916382 114.536 87.3428
1107.886841 114.485 67.3979
1115.915039 114.353 47.6226
1124.001343 114.150 28.1572
1132.146362 113.888 9.1470
1140.350342 113.585 -9.2842
1148.613770 113.277 -27.1138
1156.937134 113.016 -44.6221
1165.320801 112.834 -62.3340
1173.765137 112.722 -80.6045
1182.270752 112.648 -99.5063
1190.838013 112.575 -118.9614
1199.467285 112.479 -138.8438
1208.159180 112.342 -158.9976
1216.913940 112.151 -179.2114
1225.732178 111.894 160.7603
1234.614380 111.567 141.2017
1243.560913 111.198 122.2168
1252.572266 110.836 103.6255
1261.648926 110.532 85.3164
1270.791382 110.329 67.4419
1280.000000 110.265 50.1924
1289.275391 110.355 33.0591
1298.618042 110.555 14.6621
1308.028320 110.755 -5.9399
1317.506836 110.843 -28.4038
1327.054077 110.768 -51.6548
1336.670410 110.567 -74.9556
1346.356567 110.329 -98.7266
1356.112793 110.123 -124.1021
1365.939697 109.956 -151.8916
1375.837891 109.801 177.3755
1385.807739 109.620 142.8608
1395.849854 109.411 103.2002
1405.964844 109.240 56.6865
1416.152954 109.200 4.5933
1426.415039 109.347 -45.3799
1436.751465 109.678 -87.6499
1447.162720 110.155 -123.1338
1457.649414 110.733 -154.6387
1468.212158 111.343 175.2773
1478.851440 111.887 145.2261
1489.567871 112.277 115.0996
1500.361816 112.483 85.3599
1511.234131 112.544 56.2959
1522.185059 112.522 27.6226
1533.215454 112.437 -1.1025
1544.325806 112.245 -29.8857
1555.516602 111.902 -58.2852
1566.788574 111.412 -85.8008
1578.142090 110.832 -112.2461
1589.578003 110.248 -137.7720
1601.096680 109.743 -162.8047
1612.698975 109.355 172.0552
1624.385254 109.048 146.5327
1636.156250 108.761 121.0586
1648.012451 108.492 96.5259
1659.954590 108.321 73.6104
1671.983398 108.325 52.0190
1684.099243 108.487 30.5532
1696.302856 108.717 8.2031
1708.594971 108.957 -14.9980
1720.976196 109.220 -38.1689
1733.447144 109.528 -60.7539
1746.008423 109.841 -83.2397
1758.660645 110.084 -105.9277
1771.404663 110.218 -127.1343
1784.240967 110.270 -145.0137
1797.170288 110.279 -161.7402
1810.193359 110.244 178.6328
1823.310791 110.120 155.9229
1836.523193 109.903 131.8438
1849.831421 109.655 106.7051
1863.236084 109.451 79.9790
1876.737793 109.321 51.5444
1890.337524 109.257 21.9712
1904.035645 109.261 -8.0635
1917.833008 109.331 -38.4336
1931.730469 109.422 -69.5103
1945.728638 109.457 -101.5601
1959.828125 109.378 -134.2827
1974.029907 109.194 -167.0200
1988.334473 108.971 160.7178
2002.742798 108.794 128.8198
2017.255493 108.695 96.7612
2031.873291 108.644 64.2690
2046.597168 108.593 31.6030
2061.427734 108.508 -0.7109
2076.365479 108.360 -31.1919
2091.411865 108.146 -49.9565
2106.566895 107.923 2.8838
2121.832031 107.773 4.8647
2137.207764 107.757 -24.8682
2152.694824 107.901 -58.8882
2168.294189 108.199 -94.4346
2184.006592 108.616 -130.8574
2199.832764 109.077 -167.9756
2215.773682 109.504 154.3418
2231.830078 109.848 116.2798
2248.002686 110.110 78.0078
2264.292725 110.310 39.5244
2280.700684 110.451 0.7607
2297.227539 110.516 -38.3184
2313.874268 110.487 -77.7979
2330.641602 110.350 -117.8198
2347.530273 110.089 -158.3613
2364.541504 109.713 160.7559
2381.676025 109.262 119.6831
2398.934570 108.782 78.5117
2416.318359 108.309 37.2358
2433.827881 107.876 -4.4258
2451.464355 107.515 -47.6660
2469.228760 107.259 -98.3887
2487.121826 107.145 156.1797
2505.144531 107.173 45.7705
2523.297852 107.286 -6.0820
2541.582764 107.419 -52.6045
2560.000000 107.542 -97.6611
2578.550781 107.655 -141.8213
2597.236084 107.772 174.8418
2616.056641 107.901 132.1914
2635.013672 108.030 90.0205
2654.108154 108.136 48.1191
2673.340820 108.200 6.3516
2692.713135 108.205 -35.2383
2712.225586 108.133 -76.5537
2731.879395 107.944 -117.4961
2751.675781 107.615 -157.8027
2771.615479 107.189 162.8262
2791.699707 106.758 124.4258
2811.929688 106.408 86.7705
2832.305908 106.178 49.5947
2852.830078 106.051 12.6182
2873.502930 105.994 -24.3955
2894.325439 105.999 -61.6025
2915.298828 106.087 -98.9541
2936.424316 106.290 -136.5029
2957.702881 106.618 -174.7861
2979.135742 107.042 145.2490
3000.723633 107.491 102.8955
3022.468262 107.873 58.1387
3044.370117 108.095 11.4805
3066.430908 108.089 -36.2129
3088.651611 107.840 -83.7705
3111.033203 107.402 -129.6045
3133.577148 106.908 -170.9062
3156.284180 106.539 158.3955
3179.156006 106.464 143.3135
3202.193359 106.734 123.7822
3225.397949 107.245 87.9219
3248.770508 107.840 43.4561
3272.312500 108.417 -4.6953
3296.024902 108.928 -54.5205
3319.909180 109.340 -105.1904
3343.966797 109.621 -156.2920
3368.198486 109.742 152.4004
3392.605713 109.686 101.1113
3417.189941 109.477 50.0498
3441.952393 109.155 -0.7100
3466.894287 108.753 -51.1211
3492.016846 108.299 -101.1455
3517.321289 107.799 -150.5752
3542.809326 107.257 161.2471
3568.481934 106.719 115.5127
3594.340576 106.298 73.8086
3620.386719 106.152 36.4844
3646.621582 106.382 0.0547
3673.046387 106.916 -40.3076
3699.662842 107.568 -85.8789
3726.472168 108.163 -135.4365
3753.475586 108.612 172.4746
3780.675049 108.917 118.9941
3808.071289 109.124 64.8154
3835.666016 109.282 10.2764
3863.460938 109.420 -44.4795
3891.457275 109.550 -99.4648
3919.656250 109.660 -154.7930
3948.059814 109.723 149.4502
3976.668945 109.718 93.4463
4005.485596 109.646 37.5127
4034.510986 109.525 -18.0967
4063.746582 109.379 -73.4062
4093.194336 109.225 -128.7451
4122.855469 109.071 175.3486
4152.730957 108.896 118.4688
4182.823730 108.660 60.7686
4213.133789 108.336 3.0352
4243.664062 107.949 -53.4854
4274.415527 107.578 -107.4277
4305.389648 107.338 -158.1201
4336.588379 107.331 153.0176
4368.013184 107.597 102.7754
4399.665527 108.084 48.7939
4431.547363 108.690 -9.2314
4463.660156 109.298 -70.6709
4496.005371 109.804 -134.7441
4528.585449 110.134 159.3584
4561.401367 110.251 92.3604
4594.455078 110.130 24.8350
4627.748535 109.760 -42.6396
4661.283203 109.159 -109.3369
4695.060547 108.385 -174.3145
4729.083008 107.547 123.7285
4763.352051 106.794 66.3467
4797.869141 106.279 13.6582
4832.636719 106.065 -38.2109
4867.655762 106.088 -94.1094
4902.928711 106.227 -154.9160
4938.457520 106.394 140.8232
4974.243652 106.554 74.4248
5010.289062 106.699 6.5879
5046.595703 106.817 -62.3623
5083.165527 106.883 -132.1797
5120.000000 106.888 157.4590
5157.101562 106.851 86.7598
5194.472168 106.797 15.7236
5232.113281 106.738 -55.4297
5270.027344 106.686 -125.8887
5308.216309 106.662 166.0000
5346.681641 106.711 102.6973
5385.426270 106.898 45.0098
5424.451172 107.259 -12.2900
5463.758789 107.758 -75.6504
5503.351562 108.308 -145.7568
5543.230957 108.820 139.3193
5583.399414 109.215 61.2451
5623.859375 109.430 -18.7646
5664.611816 109.444 -99.6885
5705.660156 109.276 179.2842
5747.005859 108.969 98.8311
5788.650879 108.590 19.5742
5830.597656 108.233 -57.8223
5872.848633 108.006 -132.6055
5915.405762 108.018 155.3457
5958.271484 108.296 84.1992
6001.447266 108.757 10.6074
6044.936523 109.262 -67.1758
6088.740234 109.689 -148.7637
6132.861816 109.956 126.8213
6177.303223 110.025 40.6787
6222.066406 109.890 -46.1426
6267.154297 109.567 -132.5488
6312.568359 109.125 142.4199
6358.312012 108.681 58.9697
6404.386719 108.345 -23.7871
6450.795898 108.160 -107.1680
6497.541016 108.100 168.5000
6544.625000 108.145 84.2158
6592.049805 108.340 1.4180
6639.818359 108.762 -79.9189
6687.933594 109.414 -162.4961
6736.396973 110.170 110.7002
6785.211426 110.853 19.0234
6834.379883 111.325 -76.3105
6883.904785 111.519 -173.3594
6933.788574 111.440 90.3145
6984.033691 111.145 -1.8379
7034.642578 110.723 -85.7812
7085.618652 110.276 -163.9121
7136.963867 109.890 112.4668
7188.681152 109.607 20.5566
7240.773438 109.420 -75.8262
7293.243164 109.321 -173.6660
7346.092773 109.324 88.4473
7399.325684 109.438 -9.3809
7452.944336 109.618 -107.7832
7506.951172 109.788 153.0137
7561.350098 109.897 53.9004
7616.142578 109.957 -43.8223
7671.332031 110.023 -139.9727
7726.921875 110.151 123.6406
7782.914551 110.365 24.6680
7839.312500 110.617 -77.9883
7896.119629 110.803 176.2402
7953.337891 110.848 68.9277
8010.971191 110.753 -38.2090
8069.021973 110.596 -143.9375
8127.493164 110.488 111.7969
8186.388672 110.513 7.5098
8245.710938 110.675 -98.6289
8305.461914 110.913 152.6895
8365.647461 111.162 41.8418
8426.267578 111.393 -70.5469
8487.328125 111.589 175.9492
8548.831055 111.728 61.7012
8610.779297 111.802 -52.8594
8673.176758 111.847 -167.2305
8736.026367 111.946 78.7734
8799.331055 112.182 -35.3164
8863.094727 112.578 -150.4570
8927.320312 113.081 92.4277
8992.010742 113.593 -27.0566
9057.170898 114.019 -148.6152
9122.802734 114.302 88.4668
9188.910156 114.429 -34.8555
9255.497070 114.466 -157.6895
9322.566406 114.533 80.1348
9390.121094 114.707 -42.3789
9458.166016 114.953 -166.7227
9526.704102 115.151 66.3242
9595.738281 115.197 -62.7910
9665.273438 115.063 167.0098
9735.311523 114.801 36.7773
9805.857422 114.514 -92.7793
9876.915039 114.327 138.5430
9948.487305 114.339 10.4336
10020.578125 114.572 -118.0137
10093.191406 114.954 111.7969
10166.331055 115.349 -21.1113
10240.000000 115.642 -156.5586
10314.203125 115.802 66.4785
10388.944336 115.890 -71.1035
10464.226562 115.990 150.7559
10540.054688 116.136 11.3457
10616.432617 116.277 -130.0215
10693.363281 116.329 86.7285
10770.852539 116.243 -57.7090
10848.902344 116.041 157.4629
10927.517578 115.814 12.6699
11006.703125 115.662 -132.1094
11086.461914 115.658 82.6836
11166.798828 115.809 -63.7598
11247.718750 116.047 147.6211
11329.223633 116.263 -3.5703
11411.320312 116.365 -156.9785
11494.011719 116.315 48.0957
11577.301758 116.137 -107.6855
11661.195312 115.891 95.9746
11745.697266 115.638 -61.0371
11830.811523 115.401 140.9336
11916.542969 115.154 -18.3301
12002.894531 114.849 -178.6660
12089.873047 114.464 20.4062
12177.480469 114.038 -140.6523
12265.723633 113.655 58.0488
12354.606445 113.369 -104.2266
12444.132812 113.162 91.7949
12534.308594 112.965 -73.9883
12625.136719 112.720 119.0293
12716.624023 112.415 -48.2441
12808.773438 112.098 144.7012
12901.591797 111.814 -22.7227
12995.082031 111.555 168.4141
13089.250000 111.288 -2.0898
13184.099609 111.034 -173.6465
13279.636719 110.869 13.9668
13375.867188 110.852 -160.0547
13472.793945 110.971 30.5137
13570.422852 111.156 -142.4414
13668.759766 111.323 36.7559
13767.809570 111.430 -145.5801
13867.577148 111.494 30.9961
13968.067383 111.556 -153.8418
14069.285156 111.608 19.2383
14171.237305 111.594 -169.9082
14273.927734 111.472 -0.8594
14377.362305 111.248 166.9180
14481.546875 110.962 -26.2871
14586.486328 110.659 139.4609
14692.185547 110.355 -55.9434
14798.651367 110.041 107.5410
14905.888672 109.708 -89.8066
15013.902344 109.381 72.1914
15122.700195 109.105 -126.8789
15232.285156 108.878 32.2285
15342.664062 108.661 -170.8223
15453.843750 108.418 -15.8652
15565.829102 108.137 137.4297
15678.625000 107.822 -70.6777
15792.239258 107.484 80.0605
15906.675781 107.135 -130.1016
16021.942383 106.808 19.0430
16138.043945 106.550 167.3574
16254.986328 106.385 -45.8320
16372.777344 106.278 98.6973
16491.421875 106.152 -119.2871
16610.923828 105.952 20.5840
16731.294922 105.678 158.8047
16852.535156 105.358 -64.3652
16974.656250 105.018 71.1406
17097.662109 104.657 -154.6621
17221.558594 104.270 -21.6250
17346.353516 103.874 110.2949
17472.052734 103.502 -119.3203
17598.662109 103.162 8.8867
17726.189453 102.824 134.6484
17854.640625 102.454 -101.9023
17984.021484 102.030 19.5273
18114.341797 101.556 139.2324
18245.605469 101.057 -102.6074
18377.820312 100.567 14.0645
18510.994141 100.122 129.0000
18645.132812 99.719 -118.4336
18780.242188 99.297 -8.7207
18916.332031 98.785 98.1738
19053.408203 98.151 -157.4043
19191.476562 97.410 -55.1914
19330.546875 96.595 44.8672
19470.623047 95.735 142.8223
19611.714844 94.877 -121.1113
19753.830078 94.110 -26.5996
19896.974609 93.535 67.0078
