* Measurement data measured by REW V5.31.3
* Source: Scarlett 2i2 4th Gen, MICROPHONE, 1, volume: no control
* Format: 256k Log Swept Sine, 2 sweeps at -12.2 dBFS using a loopback as a timing reference
* Dated: May 16, 2026 9:44:05 AM
* REW Settings:
*  C-weighting compensation: Off
*  Target level: 75.0 dB
* Note: ; Delay 10.4477 ms (3.584 m, 11 ft 9.1 in)  relative to Loopback from SPEAKER L to MICROPHONE 2 with no timing offset
* Measurement: L+R sedacka_doma_loopback May 16
* Smoothing: 1/12 octave
* Frequency Step: 1/96 octave
* Start Frequency: 20.000 Hz
*
* Freq(Hz) SPL(dB) Phase(degrees)
20.000000 84.415 -173.7937
20.144928 84.378 -172.9370
20.290907 84.398 -171.8346
20.437943 84.488 -170.6071
20.586044 84.650 -169.4097
20.735220 84.876 -168.4034
20.885475 85.149 -167.7231
21.036821 85.444 -167.4491
21.189262 85.735 -167.5966
21.342808 85.995 -168.1188
21.497467 86.204 -168.9149
21.653246 86.346 -169.8387
21.810154 86.411 -170.7083
21.968201 86.401 -171.3064
22.127390 86.328 -171.3910
22.287735 86.220 -170.7136
22.449242 86.121 -169.0642
22.611917 86.094 -166.3593
22.775772 86.200 -162.7480
22.940815 86.479 -158.6656
23.107054 86.931 -154.7268
23.274498 87.511 -151.4758
23.443153 88.153 -149.1862
23.613033 88.795 -147.8290
23.784142 89.395 -147.1577
23.956491 89.935 -146.8148
24.130091 90.427 -146.3998
24.304947 90.910 -145.5255
24.481071 91.449 -143.8944
24.658470 92.119 -141.4172
24.837156 92.976 -138.3505
25.017136 94.032 -135.3076
25.198421 95.245 -133.0426
25.381020 96.541 -132.1233
25.564941 97.847 -132.7648
25.750195 99.104 -134.8955
25.936790 100.274 -138.2942
26.124741 101.336 -142.7037
26.314051 102.279 -147.8799
26.504732 103.099 -153.6117
26.696796 103.796 -159.7189
26.890253 104.372 -166.0475
27.085112 104.834 -172.4633
27.281382 105.186 -178.8463
27.479073 105.436 174.9121
27.678198 105.596 168.9111
27.878765 105.676 163.2405
28.080786 105.692 157.9769
28.284271 105.663 153.1805
28.489231 105.608 148.8871
28.695675 105.548 145.1034
28.903616 105.503 141.8037
29.113064 105.490 138.9312
29.324028 105.519 136.4065
29.536524 105.596 134.1394
29.750557 105.719 132.0422
29.966141 105.885 130.0387
30.183289 106.088 128.0701
30.402010 106.320 126.0928
30.622314 106.577 124.0775
30.844217 106.852 122.0067
31.067726 107.138 119.8743
31.292856 107.432 117.6843
31.519617 107.731 115.4496
31.748020 108.032 113.1879
31.978081 108.337 110.9150
32.209808 108.650 108.6404
32.443211 108.973 106.3612
32.678310 109.309 104.0660
32.915108 109.659 101.7408
33.153625 110.023 99.3783
33.393871 110.400 96.9851
33.635857 110.797 94.5790
33.879597 111.223 92.1777
34.125103 111.693 89.7728
34.372387 112.225 87.3080
34.621464 112.831 84.6643
34.872345 113.509 81.6697
35.125042 114.242 78.1378
35.379574 115.000 73.9133
35.635948 115.744 68.9094
35.894180 116.439 63.1198
36.154285 117.053 56.6038
36.416275 117.562 49.4698
36.680161 117.949 41.8535
36.945961 118.201 33.9071
37.213688 118.310 25.7903
37.483353 118.271 17.6693
37.754974 118.080 9.7208
38.028561 117.736 2.1411
38.304131 117.241 -4.8422
38.581699 116.603 -10.9595
38.861279 115.837 -15.8851
39.142883 114.981 -19.2400
39.426529 114.103 -20.6245
39.712231 113.316 -19.7306
40.000000 112.779 -16.5544
40.289856 112.659 -11.6288
40.581814 113.044 -6.0298
40.875885 113.896 -1.0234
41.172089 115.084 2.3613
41.470440 116.453 3.5238
41.770950 117.874 2.2694
42.073643 119.246 -1.2968
42.378525 120.503 -6.8892
42.685616 121.600 -14.1427
42.994934 122.510 -22.6808
43.306492 123.216 -32.1503
43.620308 123.712 -42.2268
43.936401 123.997 -52.6141
44.254780 124.075 -63.0363
44.575470 123.956 -73.2385
44.898483 123.658 -82.9911
45.223835 123.206 -92.0973
45.551544 122.637 -100.4132
45.881630 121.993 -107.8684
46.214108 121.322 -114.4844
46.548996 120.668 -120.3663
46.886307 120.059 -125.6639
47.226067 119.507 -130.5226
47.568283 119.015 -135.0502
47.912983 118.584 -139.3259
48.260181 118.215 -143.4314
48.609894 117.913 -147.4730
48.962143 117.674 -151.5756
49.316940 117.485 -155.8512
49.674313 117.326 -160.3672
50.034271 117.175 -165.1365
50.396843 117.014 -170.1324
50.762039 116.833 -175.3105
51.129883 116.626 179.3751
51.500389 116.389 173.9630
51.873581 116.121 168.4874
52.249481 115.819 162.9801
52.628101 115.482 157.4750
53.009464 115.107 152.0120
53.393593 114.695 146.6445
53.780506 114.244 141.4484
54.170223 113.760 136.5195
54.562763 113.262 131.9520
54.958145 112.784 127.7904
55.356396 112.378 123.9631
55.757530 112.100 120.2374
56.161572 111.986 116.2449
56.568542 112.032 111.5864
56.978462 112.200 105.9578
57.391350 112.430 99.2156
57.807232 112.669 91.3608
58.226128 112.878 82.4856
58.648056 113.039 72.7158
59.073048 113.148 62.1752
59.501114 113.211 50.9657
59.932281 113.238 39.1625
60.366577 113.240 26.8226
60.804020 113.218 14.0021
61.244629 113.167 0.7809
61.688435 113.075 -12.7164
62.135452 112.928 -26.3090
62.585712 112.717 -39.7635
63.039234 112.441 -52.8157
63.496040 112.120 -65.2080
63.956161 111.794 -76.7363
64.419617 111.522 -87.3047
64.886421 111.373 -96.9639
65.356621 111.396 -105.9204
65.830215 111.605 -114.4795
66.307251 111.970 -122.9658
66.787743 112.434 -131.6465
67.271713 112.938 -140.7017
67.759193 113.427 -150.2305
68.250206 113.855 -160.2642
68.744774 114.182 -170.7751
69.242928 114.370 178.3306
69.744690 114.385 167.2280
70.250084 114.195 156.1948
70.759148 113.780 145.6411
71.271896 113.132 136.1499
71.788361 112.270 128.5210
72.308571 111.264 123.7524
72.832550 110.254 122.6934
73.360321 109.456 124.9868
73.891922 109.068 128.1440
74.427376 109.108 129.1670
74.966705 109.408 126.9741
75.509949 109.756 122.1230
76.057121 110.013 115.5571
76.608261 110.108 108.0627
77.163399 110.014 100.2178
77.722557 109.720 92.4880
78.285767 109.223 85.3308
78.853058 108.533 79.2607
79.424461 107.684 74.8289
80.000000 106.750 72.4727
80.579712 105.841 72.2324
81.163628 105.079 73.5315
81.751770 104.552 75.3643
82.344177 104.267 76.8630
82.940880 104.175 77.6731
83.541901 104.210 77.8977
84.147285 104.331 77.8682
84.757050 104.541 77.9114
85.371231 104.872 78.1396
85.989868 105.355 78.3140
86.612984 105.981 77.9099
87.240616 106.694 76.3882
87.872803 107.412 73.4541
88.509560 108.055 69.1438
89.150940 108.563 63.7573
89.796967 108.907 57.7393
90.447670 109.086 51.5693
91.103088 109.129 45.6838
91.763260 109.088 40.4343
92.428215 109.036 36.0476
93.097992 109.062 32.5535
93.772614 109.249 29.6709
94.452133 109.630 26.7698
95.136566 110.161 23.0837
95.825966 110.741 18.0811
96.520363 111.259 11.6733
97.219788 111.633 4.1431
97.924286 111.817 -4.0310
98.633881 111.796 -12.3069
99.348625 111.591 -20.1455
100.068542 111.253 -27.0750
100.793686 110.877 -32.8054
101.524078 110.589 -37.4048
102.259766 110.497 -41.4324
103.000778 110.632 -45.8101
103.747162 110.915 -51.3877
104.498962 111.205 -58.5435
105.256203 111.369 -67.1331
106.018929 111.313 -76.6658
106.787186 110.984 -86.4736
107.561012 110.365 -95.8169
108.340446 109.476 -104.0103
109.125526 108.378 -110.6318
109.916290 107.159 -115.7119
110.712791 105.918 -119.6060
111.515060 104.744 -122.4114
112.323143 103.743 -123.0979
113.137085 103.088 -118.1848
113.956924 103.021 -100.4797
114.782700 103.652 -72.3560
115.614464 104.804 -57.2029
116.452255 106.166 -55.7734
117.296112 107.501 -60.8855
118.146095 108.687 -69.2095
119.002228 109.668 -79.2920
119.864563 110.426 -90.3792
120.733154 110.959 -101.9966
121.608040 111.274 -113.7942
122.489258 111.394 -125.4922
123.376869 111.348 -136.8767
124.270905 111.182 -147.8210
125.171425 110.948 -158.3235
126.078468 110.692 -168.5251
126.992081 110.433 -178.6670
127.912323 110.151 171.0393
128.839233 109.799 160.5430
129.772842 109.328 149.9888
130.713242 108.710 139.6533
131.660431 107.945 129.8752
132.614502 107.063 121.0200
133.575485 106.137 113.4197
134.543427 105.299 107.1326
135.518387 104.722 101.5193
136.500412 104.524 95.1367
137.489548 104.660 86.4482
138.485855 104.955 74.6270
139.489380 105.235 59.5498
140.500168 105.394 41.3713
141.518295 105.391 20.2883
142.543793 105.232 -3.3481
143.576721 104.954 -28.6809
144.617142 104.617 -54.1304
145.665100 104.299 -77.8555
146.720642 104.094 -98.6262
147.783844 104.101 -116.2339
148.854752 104.355 -131.3655
149.933411 104.778 -145.1377
151.019897 105.218 -158.4009
152.114243 105.556 -171.3406
153.216522 105.759 176.3140
154.326797 105.875 164.8577
155.445114 105.985 154.3574
156.571533 106.162 144.6362
157.706116 106.444 135.4048
158.848923 106.837 126.4055
160.000000 107.329 117.4028
161.159424 107.882 108.0815
162.327255 108.428 98.0979
163.503540 108.875 87.2808
164.688354 109.149 75.7788
165.881760 109.217 63.9863
167.083801 109.092 52.3293
168.294571 108.821 41.0854
169.514099 108.456 30.3398
170.742462 108.042 20.0557
171.979736 107.607 10.1746
173.225967 107.173 0.6289
174.481232 106.752 -8.6721
175.745605 106.337 -17.7710
177.019119 105.905 -26.4641
178.301880 105.443 -34.1143
179.593933 104.998 -39.6304
180.895340 104.697 -41.9468
182.206177 104.699 -41.7119
183.526520 105.060 -41.8896
184.856430 105.660 -45.5000
186.195984 106.299 -52.9648
187.545227 106.812 -63.2295
188.904266 107.113 -75.0576
190.273132 107.188 -87.3879
191.651932 107.093 -99.4006
193.040726 106.946 -110.5789
194.439575 106.913 -120.8098
195.848572 107.150 -130.5083
197.267761 107.703 -140.5601
198.697250 108.480 -151.9321
200.137085 109.323 -165.2283
201.587372 110.092 179.4441
203.048157 110.700 162.3176
204.519531 111.098 143.7654
206.001556 111.256 124.1897
207.494324 111.148 104.0361
208.997925 110.753 83.8433
210.512405 110.062 64.2761
212.037857 109.088 46.0151
213.574371 107.884 29.4707
215.122025 106.550 14.5334
216.680893 105.210 0.9185
218.251053 103.985 -10.7219
219.832581 102.951 -16.7107
221.425583 102.152 -7.4031
223.030121 101.620 15.3123
224.646286 101.383 20.8770
226.274170 101.438 12.5793
227.913849 101.732 -0.8188
229.565399 102.170 -16.1465
231.228928 102.652 -32.2441
232.904510 103.101 -48.6238
234.592224 103.482 -64.9321
236.292191 103.825 -80.7517
238.004456 104.217 -95.7224
239.729126 104.753 -109.7651
241.466309 105.462 -123.2939
243.216080 106.277 -137.3562
244.978516 107.066 -153.1714
246.753738 107.700 -171.3047
248.541809 108.090 168.4373
250.342850 108.202 146.5159
252.156937 108.043 123.2922
253.984161 107.668 98.7837
255.824646 107.176 72.4214
257.678467 106.692 42.7314
259.545685 106.345 6.8518
261.426483 106.229 -38.3542
263.320862 106.351 -88.3403
265.229004 106.622 -131.5344
267.150970 106.898 -166.2478
269.086853 107.036 164.1824
271.036774 106.949 137.7285
273.000824 106.621 113.6455
274.979095 106.108 91.7312
276.971710 105.528 71.9517
278.978760 105.045 54.1931
281.000336 104.805 38.2412
283.036591 104.853 24.9141
285.087585 105.128 21.3408
287.153442 105.558 57.2456
289.234283 106.105 85.0876
291.330200 106.734 75.7139
293.441284 107.371 57.9863
295.567688 107.922 37.5864
297.709503 108.319 16.1240
299.866821 108.561 -5.6758
302.039795 108.699 -27.5063
304.228485 108.790 -49.3301
306.433044 108.876 -71.1294
308.653595 108.977 -92.6499
310.890228 109.097 -113.0439
313.143066 109.206 -129.0557
315.412231 109.246 -124.1875
317.697845 109.159 -73.3101
320.000000 108.915 -71.5293
322.318848 108.514 -87.3081
324.654510 107.986 -105.3242
327.007080 107.398 -122.0918
329.376709 106.867 -136.2480
331.763519 106.545 -148.1592
334.167603 106.502 -159.8755
336.589142 106.644 -173.4106
339.028198 106.807 170.8823
341.484924 106.913 153.9365
343.959473 107.016 136.6187
346.451935 107.209 118.8926
348.962463 107.503 100.0176
351.491211 107.802 79.3032
354.038239 107.993 56.6904
356.603760 108.039 32.7227
359.187866 108.011 8.2188
361.790680 108.058 -15.7754
364.412354 108.309 -33.0605
367.053040 108.754 72.8115
369.712860 109.263 73.1060
372.391968 109.679 54.8594
375.090454 109.892 64.2295
377.808533 109.853 119.7026
380.546265 109.593 110.0269
383.303864 109.223 90.1177
386.081451 108.901 69.7012
388.879150 108.755 50.6914
391.697144 108.832 33.3779
394.535522 109.094 16.5635
397.394501 109.465 -1.5288
400.274170 109.879 -21.5254
403.174744 110.312 -42.9316
406.096313 110.761 -65.1270
409.039062 111.210 -87.7666
412.003113 111.602 -110.6289
414.988647 111.864 -133.2676
417.995850 111.962 -154.5781
421.024811 111.956 -172.4600
424.075714 111.972 175.8740
427.148743 112.135 170.7212
430.244049 112.467 164.6035
433.361786 112.889 150.6680
436.502106 113.299 130.0898
439.665161 113.619 105.7583
442.851166 113.796 79.4736
446.060242 113.795 52.2075
449.292572 113.597 24.5625
452.548340 113.211 -3.0586
455.827698 112.682 -30.4731
459.130798 112.074 -57.7339
462.457855 111.435 -84.8872
465.809021 110.800 -111.8320
469.184448 110.209 -138.3804
472.584381 109.726 -164.4795
476.008911 109.399 169.6948
479.458252 109.205 143.9458
482.932617 109.075 118.3569
486.432159 108.980 93.1763
489.957031 108.941 68.2104
493.507477 108.959 42.7749
497.083618 108.970 16.3843
500.685699 108.899 -10.8652
504.313873 108.716 -38.5244
507.968323 108.441 -66.0669
511.649292 108.119 -92.8525
515.356934 107.799 -117.6323
519.091370 107.527 -137.2998
522.852966 107.367 -145.0874
526.641724 107.380 -138.4634
530.458008 107.598 -137.9839
534.301941 107.997 -145.8633
538.173706 108.521 -137.2529
542.073547 109.123 -99.6162
546.001648 109.795 -104.9551
549.958191 110.552 -126.7295
553.943420 111.382 -152.4531
557.957520 112.226 -179.6582
562.000671 112.989 152.1479
566.073181 113.595 123.2495
570.175171 114.003 94.0220
574.306885 114.193 64.8003
578.468567 114.139 35.8745
582.660400 113.809 7.6499
586.882568 113.197 -19.3389
591.135376 112.352 -44.7007
595.419006 111.376 -68.4917
599.733643 110.390 -91.0928
604.079590 109.496 -112.6519
608.456970 108.763 -132.2812
612.866089 108.273 -146.8506
617.307190 108.129 -149.3672
621.780457 108.376 -139.3691
626.286133 108.910 -140.1841
630.824463 109.515 -155.1763
635.395691 109.982 -176.5664
640.000000 110.205 159.7749
644.637695 110.210 135.9878
649.309021 110.122 112.9736
654.014160 110.071 90.6826
658.753418 110.095 68.7676
663.527039 110.145 47.3442
668.335205 110.186 27.1167
673.178284 110.268 8.4941
678.056396 110.489 -9.5815
682.969849 110.870 -29.0430
687.918945 111.327 -50.8804
692.903870 111.746 -74.7588
697.924927 112.051 -99.8052
702.982422 112.206 -125.1304
708.076477 112.211 -149.8687
713.207520 112.105 -173.3174
718.375732 111.960 164.5283
723.581360 111.850 142.7251
728.824707 111.820 120.2529
734.106079 111.894 96.7227
739.425720 112.071 72.0386
744.783936 112.313 46.1489
750.180908 112.551 19.1221
755.617065 112.703 -8.8701
761.092529 112.688 -37.6431
766.607727 112.441 -66.8989
772.162903 111.948 -96.0767
777.758301 111.269 -124.6284
783.394287 110.522 -152.2295
789.071045 109.863 -178.9121
794.789001 109.437 154.6211
800.548340 109.301 127.2515
806.349487 109.409 98.6362
812.192627 109.669 73.7900
818.078125 109.974 179.8936
824.006226 110.231 174.7139
829.977295 110.400 146.2930
835.991699 110.503 118.7720
842.049622 110.595 91.5503
848.151428 110.707 62.9819
854.297485 110.834 32.6655
860.488098 110.951 1.2617
866.723572 111.030 -30.4683
873.004211 111.050 -61.8711
879.330322 111.009 -92.3926
885.702332 110.942 -121.6846
892.120483 110.924 -149.9438
898.585144 111.021 -178.1602
905.096680 111.230 152.5073
911.655396 111.481 121.5366
918.261597 111.689 89.0566
924.915710 111.782 55.4136
931.618042 111.702 21.0142
938.368896 111.412 -13.6685
945.168762 110.905 -48.1323
952.017822 110.210 -81.8345
958.916504 109.407 -114.4155
965.865234 108.605 -145.8306
972.864319 107.904 -176.2690
979.914062 107.396 153.6426
987.014954 107.178 122.6431
994.167236 107.298 89.0098
1001.371399 107.697 48.7905
1008.627747 108.224 -145.2261
1015.936646 108.733 171.0347
1023.298584 109.159 132.6758
1030.713867 109.503 94.4111
1038.182739 109.777 56.1851
1045.705933 109.970 18.1060
1053.283447 110.084 -19.5640
1060.916016 110.155 -56.6675
1068.603882 110.228 -93.2441
1076.347412 110.333 -129.4038
1084.147095 110.493 -165.2573
1092.003296 110.729 158.9722
1099.916382 111.030 122.9326
1107.886841 111.337 86.3672
1115.915039 111.575 49.2744
1124.001343 111.693 11.9775
1132.146362 111.705 -25.0967
1140.350342 111.655 -61.8853
1148.613770 111.551 -98.8286
1156.937134 111.333 -136.2544
1165.320801 110.940 -173.7710
1173.765137 110.367 149.4395
1182.270752 109.684 114.0771
1190.838013 109.014 80.3428
1199.467285 108.481 47.5640
1208.159180 108.123 14.4414
1216.913940 107.859 -20.1211
1225.732178 107.572 -56.1157
1234.614380 107.235 -92.5703
1243.560913 106.936 -128.5156
1252.572266 106.798 -163.3623
1261.648926 106.907 162.9023
1270.791382 107.260 129.0264
1280.000000 107.751 92.7500
1289.275391 108.220 52.8691
1298.618042 108.530 9.8516
1308.028320 108.620 -35.1055
1317.506836 108.527 -80.7549
1327.054077 108.366 -126.1035
1336.670410 108.259 -170.1436
1346.356567 108.284 149.3379
1356.112793 108.485 116.9785
1365.939697 108.876 94.9482
1375.837891 109.410 70.4600
1385.807739 109.970 33.3555
1395.849854 110.413 -14.1973
1405.964844 110.635 -68.9238
1416.152954 110.615 -128.5420
1426.415039 110.401 168.2607
1436.751465 110.065 102.3779
1447.162720 109.667 35.2871
1457.649414 109.246 -30.4980
1468.212158 108.865 -92.4111
1478.851440 108.628 -149.2822
1489.567871 108.617 158.3398
1500.361816 108.808 108.2627
1511.234131 109.073 58.0869
1522.185059 109.296 6.8164
1533.215454 109.448 -45.2314
1544.325806 109.540 -97.7285
1555.516602 109.571 -150.6211
1566.788574 109.521 155.9678
1578.142090 109.377 102.3115
1589.578003 109.145 49.8096
1601.096680 108.858 2.2656
1612.698975 108.573 -30.5664
1624.385254 108.336 -44.8564
1636.156250 108.177 -75.4541
1648.012451 108.125 -122.4717
1659.954590 108.201 -175.2451
1671.983398 108.387 129.8096
1684.099243 108.618 73.8525
1696.302856 108.809 17.3916
1708.594971 108.892 -39.0615
1720.976196 108.842 -94.8076
1733.447144 108.676 -148.9453
1746.008423 108.457 159.4102
1758.660645 108.294 110.2207
1771.404663 108.287 61.5938
1784.240967 108.434 11.2461
1797.170288 108.619 -41.3691
1810.193359 108.707 -95.0625
1823.310791 108.655 -148.0117
1836.523193 108.550 160.7158
1849.831421 108.521 109.9072
1863.236084 108.605 57.1943
1876.737793 108.718 1.4395
1890.337524 108.745 -56.8223
1904.035645 108.628 -116.4668
1917.833008 108.369 -176.4668
1931.730469 108.010 124.1104
1945.728638 107.622 66.0312
1959.828125 107.304 9.4824
1974.029907 107.155 -46.7031
1988.334473 107.197 -104.3936
2002.742798 107.347 -164.5049
2017.255493 107.487 133.1865
2031.873291 107.550 69.2490
2046.597168 107.552 3.8379
2061.427734 107.533 -63.3984
2076.365479 107.479 -132.8584
2091.411865 107.334 155.3662
2106.566895 107.069 81.4951
2121.832031 106.745 5.6533
2137.207764 106.480 -72.3398
2152.694824 106.350 -152.7314
2168.294189 106.323 124.9307
2184.006592 106.297 42.2686
2199.832764 106.196 -38.7402
2215.773682 106.008 -116.8506
2231.830078 105.768 168.2939
2248.002686 105.527 96.9082
2264.292725 105.328 29.5547
2280.700684 105.196 -33.6670
2297.227539 105.122 -95.1289
2313.874268 105.056 -158.8584
2330.641602 104.952 133.4473
2347.530273 104.807 62.7021
2364.541504 104.649 -9.6406
2381.676025 104.514 -82.5977
2398.934570 104.412 -155.7695
2416.318359 104.297 131.0039
2433.827881 104.124 58.0225
2451.464355 103.932 -14.3164
2469.228760 103.845 -85.7539
2487.121826 103.959 -156.0508
2505.144531 104.253 135.8271
2523.297852 104.622 72.8789
2541.582764 104.972 17.3340
2560.000000 105.242 -39.0947
2578.550781 105.399 -105.2432
2597.236084 105.444 -178.8760
2616.056641 105.367 103.5205
2635.013672 105.143 24.0273
2654.108154 104.772 -55.8086
2673.340820 104.303 -134.8271
2692.713135 103.833 147.6299
2712.225586 103.466 71.6426
2731.879395 103.250 -3.2803
2751.675781 103.129 -77.9180
2771.615479 102.993 -152.7822
2791.699707 102.779 131.9834
2811.929688 102.518 55.9199
2832.305908 102.284 -21.1592
2852.830078 102.154 -98.8105
2873.502930 102.183 -176.9668
2894.325439 102.376 103.4805
2915.298828 102.667 21.6338
2936.424316 102.958 -62.5186
2957.702881 103.176 -148.3174
2979.135742 103.283 124.9766
3000.723633 103.263 38.0371
3022.468262 103.114 -48.3115
3044.370117 102.866 -133.6465
3066.430908 102.560 141.0547
3088.651611 102.254 54.3789
3111.033203 102.039 -34.2246
3133.577148 102.016 -125.0703
3156.284180 102.244 143.2832
3179.156006 102.692 -125.0117
3202.193359 103.262 134.3271
3225.397949 103.860 36.0107
3248.770508 104.422 -63.1523
3272.312500 104.909 -162.7539
3296.024902 105.297 97.5234
3319.909180 105.572 -2.1387
3343.966797 105.732 -101.5176
3368.198486 105.803 159.6348
3392.605713 105.841 61.3438
3417.189941 105.911 -36.7148
3441.952393 106.064 -135.0352
3466.894287 106.310 126.0215
3492.016846 106.619 26.2207
3517.321289 106.922 -74.6719
3542.809326 107.133 -176.7734
3568.481934 107.188 80.0762
3594.340576 107.072 -23.8750
3620.386719 106.811 -128.3691
3646.621582 106.451 126.9512
3673.046387 106.052 22.3594
3699.662842 105.664 -82.1328
3726.472168 105.306 173.4492
3753.475586 104.969 69.7109
3780.675049 104.650 -30.8633
3808.071289 104.389 -122.9883
3835.666016 104.261 155.2812
3863.460938 104.309 69.6309
3891.457275 104.494 -27.1133
3919.656250 104.746 -129.7500
3948.059814 105.033 124.9121
3976.668945 105.362 17.0957
4005.485596 105.733 -93.5352
4034.510986 106.129 153.2773
4063.746582 106.512 38.0762
4093.194336 106.822 -78.6758
4122.855469 106.987 163.4746
4152.730957 106.966 45.0996
4182.823730 106.768 -73.3848
4213.133789 106.426 168.2695
4243.664062 105.998 50.2207
4274.415527 105.572 -67.4570
4305.389648 105.240 175.1738
4336.588379 105.073 57.7812
4368.013184 105.092 -60.3984
4399.665527 105.255 179.8125
4431.547363 105.487 57.9746
4463.660156 105.715 -65.8574
4496.005371 105.894 168.7598
4528.585449 106.014 42.3652
4561.401367 106.092 -84.6953
4594.455078 106.149 147.5137
4627.748535 106.179 18.5410
4661.283203 106.140 -111.7832
4695.060547 106.000 117.0801
4729.083008 105.797 -13.9238
4763.352051 105.626 -144.2363
4797.869141 105.557 86.4355
4832.636719 105.565 -40.8984
4867.655762 105.570 -163.2051
4902.928711 105.525 80.9941
4938.457520 105.430 -37.5645
4974.243652 105.300 -165.5098
5010.289062 105.153 60.8398
5046.595703 105.050 -74.7422
5083.165527 105.079 148.5762
5120.000000 105.273 9.7070
5157.101562 105.582 -132.2793
5194.472168 105.919 82.6973
5232.113281 106.199 -64.8652
5270.027344 106.355 145.5195
5308.216309 106.351 -5.6406
5346.681641 106.192 -157.8887
5385.426270 105.910 49.0801
5424.451172 105.554 -104.5430
5463.758789 105.173 101.2324
5503.351562 104.780 -53.7852
5543.230957 104.351 150.3594
5583.399414 103.874 -5.6523
5623.859375 103.403 -159.9688
5664.611816 103.055 52.3379
5705.660156 102.942 -73.5137
5747.005859 103.094 178.5723
5788.650879 103.442 37.5918
5830.597656 103.874 -119.7109
5872.848633 104.304 77.4336
5915.405762 104.718 -87.5820
5958.271484 105.146 106.6035
6001.447266 105.620 -59.6484
6044.936523 106.130 133.1621
6088.740234 106.608 -35.8340
6132.861816 106.939 153.0410
6177.303223 107.041 -19.4492
6222.066406 106.922 167.9414
6267.154297 106.669 -4.4844
6312.568359 106.379 -177.5879
6358.312012 106.099 7.8145
6404.386719 105.838 -168.1055
6450.795898 105.610 15.6699
6497.541016 105.443 -159.9199
6544.625000 105.361 25.6719
6592.049805 105.367 -146.1738
6639.818359 105.467 48.2129
6687.933594 105.688 -110.7559
6736.396973 106.058 85.1758
6785.211426 106.560 -83.0879
6834.379883 107.130 99.4258
6883.904785 107.694 -89.4590
6933.788574 108.184 77.3535
6984.033691 108.550 -119.1406
7034.642578 108.765 41.8242
7085.618652 108.842 -158.9277
7136.963867 108.830 -0.7129
7188.681152 108.793 156.7168
7240.773438 108.764 -46.7090
7293.243164 108.748 109.3711
7346.092773 108.770 -93.4023
7399.325684 108.876 68.8789
7452.944336 109.058 -122.2363
7506.951172 109.230 70.5703
7561.350098 109.297 -110.4922
7616.142578 109.226 44.5410
7671.332031 109.044 -167.5684
7726.921875 108.802 -22.7461
7782.914551 108.540 120.6367
7839.312500 108.289 -96.7090
7896.119629 108.067 45.5195
7953.337891 107.898 -172.4551
8010.971191 107.825 -30.7305
8069.021973 107.859 110.0039
8127.493164 107.960 -110.7559
8186.388672 108.094 27.3145
8245.710938 108.271 164.8555
8305.461914 108.510 -57.8301
8365.647461 108.791 79.5938
8426.267578 109.100 -142.4102
8487.328125 109.451 -4.9453
8548.831055 109.853 129.0801
8610.779297 110.282 -101.9277
8673.176758 110.676 22.0410
8736.026367 110.948 141.5039
8799.331055 111.032 -102.5020
8863.094727 110.929 11.2812
8927.320312 110.700 123.8691
8992.010742 110.410 -123.7891
9057.170898 110.113 -10.4805
9122.802734 109.866 104.9199
9188.910156 109.743 -137.7285
9255.497070 109.811 -20.6211
9322.566406 110.081 93.0566
9390.121094 110.490 -158.5742
9458.166016 110.935 -55.2988
9526.704102 111.346 44.0879
9595.738281 111.701 140.5938
9665.273438 111.979 -125.2734
9735.311523 112.162 -33.2227
9805.857422 112.250 56.8027
9876.915039 112.238 144.7598
9948.487305 112.120 -128.8809
10020.578125 111.923 -42.9355
10093.191406 111.734 44.5371
10166.331055 111.674 135.8223
10240.000000 111.837 -129.8066
10314.203125 112.218 -39.2285
10388.944336 112.716 42.7266
10464.226562 113.200 117.2070
10540.054688 113.558 -173.4492
10616.432617 113.729 -107.4473
10693.363281 113.696 -43.5098
10770.852539 113.477 19.3594
10848.902344 113.116 82.0723
10927.517578 112.701 145.2070
11006.703125 112.348 -151.7070
11086.461914 112.130 -90.2656
11166.798828 112.034 -32.2266
11247.718750 111.982 21.7617
11329.223633 111.905 72.1055
11411.320312 111.766 119.5215
11494.011719 111.571 164.7598
11577.301758 111.365 -151.4746
11661.195312 111.219 -108.5645
11745.697266 111.184 -66.2285
11830.811523 111.258 -24.7207
11916.542969 111.396 15.0879
12002.894531 111.543 52.0449
12089.873047 111.651 85.0762
12177.480469 111.679 113.6738
12265.723633 111.582 138.0508
12354.606445 111.322 159.0645
12444.132812 110.911 178.1367
12534.308594 110.419 -162.8633
12625.136719 109.960 -141.6016
12716.624023 109.657 -117.3320
12808.773438 109.566 -94.8457
12901.591797 109.613 -80.0957
12995.082031 109.653 -73.2617
13089.250000 109.577 -71.8574
13184.099609 109.348 -73.8750
13279.636719 108.980 -78.0879
13375.867188 108.516 -83.7949
13472.793945 108.004 -90.4941
13570.422852 107.509 -97.7227
13668.759766 107.123 -105.4492
13767.809570 106.946 -114.6504
13867.577148 107.017 -127.2891
13968.067383 107.251 -145.0215
14069.285156 107.481 -168.1211
14171.237305 107.561 164.3906
14273.927734 107.437 134.0234
14377.362305 107.137 102.2598
14481.546875 106.756 69.9727
14586.486328 106.402 36.6445
14692.185547 106.134 0.3906
14798.651367 105.930 -40.4160
14905.888672 105.726 -85.8574
15013.902344 105.465 -135.0234
15122.700195 105.135 173.2480
15232.285156 104.764 119.9805
15342.664062 104.416 65.8125
15453.843750 104.178 10.2715
15565.829102 104.109 -48.4609
15678.625000 104.174 -112.2363
15792.239258 104.250 178.5547
15906.675781 104.201 104.7930
16021.942383 103.947 27.8594
16138.043945 103.496 -50.9023
16254.986328 102.952 -130.7109
16372.777344 102.464 147.9141
16491.421875 102.131 63.3086
16610.923828 101.942 -25.9238
16731.294922 101.818 -119.9688
16852.535156 101.679 141.6855
16974.656250 101.475 39.6211
17097.662109 101.180 -65.6191
17221.558594 100.803 -173.5352
17346.353516 100.397 76.0840
17472.052734 100.026 -37.1797
17598.662109 99.706 -154.0742
17726.189453 99.401 85.1094
17854.640625 99.079 -39.3027
17984.021484 98.750 -166.9141
18114.341797 98.442 62.0625
18245.605469 98.147 -73.1270
18377.820312 97.806 146.9375
18510.994141 97.357 2.3301
18645.132812 96.774 -146.4258
18780.242188 96.081 61.1738
18916.332031 95.341 -94.6680
19053.408203 94.634 105.8145
19191.476562 94.011 -58.1699
19330.546875 93.455 139.7715
19470.623047 92.887 -28.2637
19611.714844 92.226 153.6914
19753.830078 91.467 -27.6426
19896.974609 90.736 148.9648
