* Measurement data measured by REW V5.31.3
* Source: Scarlett 2i2 4th Gen, MICROPHONE, 1, volume: no control
* Format: 256k Log Swept Sine, 2 sweeps at -12.2 dBFS using a loopback as a timing reference
* Dated: May 16, 2026 9:45:21 AM
* REW Settings:
*  C-weighting compensation: Off
*  Target level: 75.0 dB
* Note: ; Delay 6.4579 ms (2.215 m, 7 ft 3.2 in)  relative to Loopback from SPEAKER L to MICROPHONE 2 with no timing offset
* Measurement: L+R stred_obyvaku_doma_loopback May 16
* Smoothing: 1/12 octave
* Frequency Step: 1/96 octave
* Start Frequency: 20.000 Hz
*
* Freq(Hz) SPL(dB) Phase(degrees)
20.000000 77.049 158.9717
20.144928 77.439 157.2021
20.290907 77.797 155.1823
20.437943 78.125 153.1268
20.586044 78.435 151.1974
20.735220 78.743 149.4960
20.885475 79.064 148.0698
21.036821 79.406 146.9225
21.189262 79.774 146.0261
21.342808 80.169 145.3387
21.497467 80.586 144.8213
21.653246 81.019 144.4446
21.810154 81.467 144.1914
21.968201 81.926 144.0519
22.127390 82.400 144.0121
22.287735 82.890 144.0453
22.449242 83.398 144.1089
22.611917 83.925 144.1462
22.775772 84.464 144.0962
22.940815 85.009 143.9072
23.107054 85.549 143.5475
23.274498 86.074 143.0121
23.443153 86.578 142.3209
23.613033 87.056 141.5118
23.784142 87.510 140.6283
23.956491 87.945 139.7059
24.130091 88.369 138.7566
24.304947 88.794 137.7605
24.481071 89.227 136.6614
24.658470 89.671 135.3724
24.837156 90.124 133.7926
25.017136 90.574 131.8254
25.198421 91.005 129.3990
25.381020 91.398 126.4755
25.564941 91.731 123.0559
25.750195 91.985 119.1753
25.936790 92.143 114.8975
26.124741 92.189 110.3094
26.314051 92.111 105.5173
26.504732 91.897 100.6482
26.696796 91.538 95.8546
26.890253 91.027 91.3240
27.085112 90.359 87.2971
27.281382 89.536 84.0938
27.479073 88.571 82.1450
27.678198 87.497 82.0184
27.878765 86.386 84.3627
28.080786 85.358 89.6123
28.284271 84.572 97.3186
28.489231 84.159 105.7126
28.695675 84.129 112.6559
28.903616 84.367 117.1106
29.113064 84.724 119.2314
29.324028 85.086 119.6433
29.536524 85.391 118.9718
29.750557 85.618 117.7113
29.966141 85.768 116.2273
30.183289 85.860 114.7866
30.402010 85.919 113.5750
30.622314 85.977 112.7028
30.844217 86.072 112.1934
31.067726 86.239 111.9655
31.292856 86.504 111.8326
31.519617 86.871 111.5348
31.748020 87.321 110.8021
31.978081 87.818 109.4298
32.209808 88.314 107.3226
32.443211 88.765 104.4987
32.678310 89.131 101.0662
32.915108 89.384 97.1940
33.153625 89.502 93.0885
33.393871 89.474 88.9780
33.635857 89.294 85.1055
33.879597 88.969 81.7235
34.125103 88.513 79.0782
34.372387 87.954 77.3848
34.621464 87.331 76.7839
34.872345 86.690 77.3085
35.125042 86.076 78.8909
35.379574 85.523 81.4707
35.635948 85.061 85.2020
35.894180 84.739 90.6539
36.154285 84.651 98.7870
36.416275 84.925 110.1655
36.680161 85.629 123.1924
36.945961 86.685 134.0999
37.213688 87.915 140.4767
37.483353 89.150 142.5677
37.754974 90.279 141.5848
38.028561 91.247 138.6163
38.304131 92.038 134.4403
38.581699 92.660 129.5938
38.861279 93.130 124.4493
39.142883 93.478 119.2672
39.426529 93.735 114.2152
39.712231 93.938 109.3778
40.000000 94.118 104.7625
40.289856 94.297 100.3145
40.581814 94.487 95.9406
40.875885 94.685 91.5411
41.172089 94.878 87.0352
41.470440 95.050 82.3744
41.770950 95.180 77.5437
42.073643 95.247 72.5574
42.378525 95.230 67.4585
42.685616 95.105 62.3292
42.994934 94.845 57.3165
43.306492 94.426 52.6741
43.620308 93.829 48.8408
43.936401 93.054 46.5813
44.254780 92.141 47.2563
44.575470 91.203 53.2236
44.898483 90.446 67.4399
45.223835 90.104 88.6566
45.551544 90.294 107.8126
45.881630 90.938 120.3547
46.214108 91.886 128.3916
46.548996 93.014 134.0187
46.886307 94.241 138.0613
47.226067 95.510 140.8147
47.568283 96.792 142.6261
47.912983 98.099 143.9806
48.260181 99.469 145.2490
48.609894 100.927 146.3639
48.962143 102.453 146.7346
49.316940 103.985 145.5962
49.674313 105.445 142.4989
50.034271 106.770 137.4735
50.396843 107.919 130.8684
50.762039 108.877 123.1376
51.129883 109.647 114.7166
51.500389 110.243 105.9740
51.873581 110.689 97.1989
52.249481 111.014 88.6011
52.628101 111.246 80.3151
53.009464 111.412 72.4076
53.393593 111.533 64.8907
53.780506 111.619 57.7396
54.170223 111.674 50.9163
54.562763 111.694 44.3879
54.958145 111.671 38.1483
55.356396 111.595 32.2242
55.757530 111.462 26.6792
56.161572 111.273 21.6022
56.568542 111.041 17.0895
56.978462 110.789 13.2194
57.391350 110.547 10.0222
57.807232 110.353 7.4543
58.226128 110.242 5.3842
58.648056 110.237 3.6038
59.073048 110.343 1.8680
59.501114 110.545 -0.0425
59.932281 110.816 -2.2692
60.366577 111.127 -4.8577
60.804020 111.457 -7.7809
61.244629 111.793 -10.9843
61.688435 112.130 -14.4226
62.135452 112.461 -18.0679
62.585712 112.779 -21.8934
63.039234 113.077 -25.8503
63.496040 113.354 -29.8635
63.956161 113.620 -33.8560
64.419617 113.894 -37.7821
64.886421 114.195 -41.6549
65.356621 114.545 -45.5450
65.830215 114.952 -49.5588
66.307251 115.424 -53.8198
66.787743 115.958 -58.4617
67.271713 116.542 -63.6320
67.759193 117.153 -69.4806
68.250206 117.755 -76.1273
68.744774 118.302 -83.6235
69.242928 118.748 -91.9265
69.744690 119.052 -100.8988
70.250084 119.186 -110.3229
70.759148 119.131 -119.9268
71.271896 118.880 -129.4054
71.788361 118.443 -138.4442
72.308571 117.844 -146.7467
72.832550 117.127 -154.0767
73.360321 116.360 -160.3365
73.891922 115.632 -165.6576
74.427376 115.031 -170.4451
74.966705 114.601 -175.2672
75.509949 114.319 179.3887
76.057121 114.105 173.3092
76.608261 113.877 166.5630
77.163399 113.579 159.3710
77.722557 113.191 151.9747
78.285767 112.715 144.5531
78.853058 112.169 137.2075
79.424461 111.571 129.9786
80.000000 110.946 122.8634
80.579712 110.329 115.8046
81.163628 109.767 108.6509
81.751770 109.311 101.1274
82.344177 109.003 92.8461
82.940880 108.846 83.3771
83.541901 108.802 72.3357
84.147285 108.811 59.4318
84.757050 108.816 44.4487
85.371231 108.788 27.1689
85.989868 108.724 7.3083
86.612984 108.639 -15.4684
87.240616 108.552 -41.3331
87.872803 108.471 -69.8667
88.509560 108.394 -99.7720
89.150940 108.310 -129.3928
89.796967 108.205 -157.6587
90.447670 108.056 175.6440
91.103088 107.837 150.2742
91.763260 107.518 125.9683
92.428215 107.079 102.6445
93.097992 106.519 80.4600
93.772614 105.870 59.7622
94.452133 105.205 40.9673
95.136566 104.648 24.3718
95.825966 104.357 9.9497
96.520363 104.444 -2.7361
97.219788 104.885 -14.3894
97.924286 105.535 -25.6592
98.633881 106.232 -36.9150
99.348625 106.868 -48.2415
100.068542 107.392 -59.5510
100.793686 107.797 -70.6924
101.524078 108.103 -81.5305
102.259766 108.336 -91.9917
103.000778 108.520 -102.0654
103.747162 108.671 -111.7852
104.498962 108.793 -121.2217
105.256203 108.875 -130.4634
106.018929 108.892 -139.5688
106.787186 108.816 -148.5156
107.561012 108.627 -157.1934
108.340446 108.325 -165.4233
109.125526 107.920 -172.9419
109.916290 107.439 -179.2812
110.712791 106.941 176.4038
111.515060 106.539 175.3394
112.323143 106.388 178.2734
113.137085 106.584 -176.6467
113.956924 107.048 -173.6792
114.782700 107.571 -175.0540
115.614464 107.950 -179.8994
116.452255 108.065 173.6614
117.296112 107.886 167.5032
118.146095 107.468 163.4143
119.002228 106.963 162.9116
119.864563 106.603 166.2168
120.733154 106.609 171.0261
121.608040 107.034 174.0625
122.489258 107.755 174.0178
123.376869 108.604 171.3889
124.270905 109.472 167.0549
125.171425 110.314 161.6768
126.078468 111.122 155.6174
126.992081 111.897 148.9819
127.912323 112.620 141.7004
128.839233 113.255 133.6719
129.772842 113.752 124.9097
130.713242 114.066 115.5991
131.660431 114.169 106.0732
132.614502 114.046 96.7781
133.575485 113.700 88.2698
134.543427 113.167 81.2190
135.518387 112.533 76.3396
136.500412 111.955 74.1038
137.489548 111.646 74.1624
138.485855 111.770 74.9995
139.489380 112.327 74.7285
140.500168 113.173 72.3079
141.518295 114.145 67.6426
142.543793 115.119 60.9954
143.576721 116.011 52.6431
144.617142 116.758 42.8386
145.665100 117.313 31.8740
146.720642 117.643 20.1050
147.783844 117.736 7.9497
148.854752 117.600 -4.1479
149.933411 117.272 -15.7759
151.019897 116.825 -26.6589
152.114243 116.361 -36.8379
153.216522 115.977 -46.8008
154.326797 115.688 -57.2932
155.445114 115.413 -68.8152
156.571533 115.028 -81.3281
157.706116 114.437 -94.4023
158.848923 113.595 -107.4897
160.000000 112.495 -120.1108
161.159424 111.163 -131.9417
162.327255 109.641 -142.8108
163.503540 107.990 -152.6450
164.688354 106.309 -161.5146
165.881760 104.775 -169.9980
167.083801 103.660 -179.5972
168.294571 103.202 167.5869
169.514099 103.379 149.9717
170.742462 103.926 127.4561
171.979736 104.562 101.7485
173.225967 105.111 75.5288
174.481232 105.481 50.8010
175.745605 105.621 28.3044
177.019119 105.500 8.1499
178.301880 105.112 -9.5769
179.593933 104.496 -24.6418
180.895340 103.744 -36.6897
182.206177 102.991 -45.0984
183.526520 102.384 -48.7947
184.856430 102.054 -47.4778
186.195984 102.057 -44.5481
187.545227 102.322 -45.0923
188.904266 102.700 -50.2761
190.273132 103.049 -58.5222
191.651932 103.306 -68.1426
193.040726 103.503 -78.0039
194.439575 103.745 -87.6992
195.848572 104.126 -97.5271
197.267761 104.646 -108.1262
198.697250 105.230 -120.0127
200.137085 105.803 -133.3328
201.587372 106.338 -147.9666
203.048157 106.839 -163.8342
204.519531 107.284 178.9851
206.001556 107.616 160.4526
207.494324 107.771 140.8357
208.997925 107.731 120.7766
210.512405 107.552 101.1169
212.037857 107.353 82.6797
213.574371 107.294 66.2039
215.122025 107.522 52.3647
216.680893 108.118 41.4238
218.251053 109.042 32.3123
219.832581 110.132 22.7173
221.425583 111.192 10.9641
223.030121 112.071 -3.0054
224.646286 112.687 -18.3547
226.274170 113.031 -34.0942
227.913849 113.162 -49.4700
229.565399 113.171 -64.1975
231.228928 113.118 -78.3740
232.904510 113.006 -92.1116
234.592224 112.815 -105.3098
236.292191 112.552 -117.7578
238.004456 112.274 -129.4048
239.729126 112.044 -140.5103
241.466309 111.883 -151.5051
243.216080 111.748 -162.7021
244.978516 111.562 -174.1169
246.753738 111.262 174.5190
248.541809 110.829 163.6299
250.342850 110.307 153.6040
252.156937 109.788 144.6365
253.984161 109.400 136.6265
255.824646 109.244 128.9963
257.678467 109.328 120.6377
259.545685 109.537 110.4502
261.426483 109.717 97.9988
263.320862 109.765 83.4729
265.229004 109.651 67.1685
267.150970 109.385 49.1394
269.086853 108.993 29.1235
271.036774 108.517 6.5291
273.000824 108.011 -19.5115
274.979095 107.541 -49.4065
276.971710 107.187 -81.5210
278.978760 107.028 -112.1196
281.000336 107.091 -138.5950
283.036591 107.323 -160.8445
285.087585 107.645 -179.6116
287.153442 108.030 164.6370
289.234283 108.520 151.5330
291.330200 109.141 140.1958
293.441284 109.830 129.1309
295.567688 110.465 117.0354
297.709503 110.952 103.6267
299.866821 111.280 89.4548
302.039795 111.514 75.1506
304.228485 111.750 60.9126
306.433044 112.041 46.4001
308.653595 112.372 31.1875
310.890228 112.697 15.4502
313.143066 113.008 0.7207
315.412231 113.335 -4.7832
317.697845 113.710 62.0950
320.000000 114.135 89.1533
322.318848 114.575 75.8650
324.654510 114.957 58.1492
327.007080 115.205 39.2822
329.376709 115.256 20.3193
331.763519 115.069 1.8784
334.167603 114.624 -15.4512
336.589142 113.921 -30.8281
339.028198 113.004 -42.9209
341.484924 111.984 -49.4976
343.959473 111.040 -47.3726
346.451935 110.374 -37.6123
348.962463 110.118 -31.0332
351.491211 110.248 -32.7324
354.038239 110.614 -39.7793
356.603760 111.040 -49.5400
359.187866 111.383 -60.6289
361.790680 111.574 -72.0420
364.412354 111.637 -82.9546
367.053040 111.668 -92.9800
369.712860 111.754 -102.3223
372.391968 111.910 -111.5298
375.090454 112.074 -120.8584
377.808533 112.177 -129.8364
380.546265 112.220 -137.5078
383.303864 112.282 -143.4087
386.081451 112.439 -148.5977
388.879150 112.675 -154.9858
391.697144 112.898 -163.4268
394.535522 113.036 -173.3726
397.394501 113.093 176.0737
400.274170 113.111 165.4971
403.174744 113.129 155.2529
406.096313 113.187 145.6758
409.039062 113.340 136.7959
412.003113 113.618 127.8613
414.988647 113.968 117.6934
417.995850 114.272 105.7017
421.024811 114.429 92.1646
424.075714 114.399 77.7744
427.148743 114.194 63.2383
430.244049 113.849 49.3198
433.361786 113.427 37.3350
436.502106 113.052 29.9155
439.665161 112.895 31.6489
442.851166 113.054 43.9424
446.060242 113.453 52.3457
449.292572 113.893 48.2944
452.548340 114.196 36.8057
455.827698 114.273 22.2871
459.130798 114.123 6.9966
462.457855 113.803 -8.0483
465.809021 113.401 -22.5493
469.184448 112.988 -36.5449
472.584381 112.605 -50.1895
476.008911 112.248 -63.6821
479.458252 111.863 -77.1440
482.932617 111.373 -90.3433
486.432159 110.728 -102.5835
489.957031 109.950 -112.8306
493.507477 109.137 -119.7280
497.083618 108.465 -122.2241
500.685699 108.110 -121.6177
504.313873 108.112 -122.0332
507.968323 108.336 -126.3608
511.649292 108.617 -134.1606
515.356934 108.875 -144.0249
519.091370 109.088 -155.0586
522.852966 109.261 -166.5947
526.641724 109.419 -178.0439
530.458008 109.600 170.8037
534.301941 109.823 159.8833
538.173706 110.087 149.4980
542.073547 110.412 140.2539
546.001648 110.838 131.9082
549.958191 111.364 122.6953
553.943420 111.902 111.0015
557.957520 112.321 96.8423
562.000671 112.525 81.4658
566.073181 112.512 66.5220
570.175171 112.376 53.0952
574.306885 112.233 40.8018
578.468567 112.128 27.8628
582.660400 112.020 12.6548
586.882568 111.859 -4.9707
591.135376 111.655 -24.3721
595.419006 111.465 -45.1646
599.733643 111.345 -67.6401
604.079590 111.292 -92.6050
608.456970 111.264 -120.9507
612.866089 111.227 -153.6211
617.307190 111.179 168.6719
621.780457 111.126 127.4951
626.286133 111.079 88.0991
630.824463 111.049 54.2651
635.395691 111.017 25.2646
640.000000 110.917 -0.6196
644.637695 110.670 -23.8027
649.309021 110.254 -43.6230
654.014160 109.750 -59.4199
658.753418 109.341 -71.8232
663.527039 109.212 -83.0151
668.335205 109.406 -95.3315
673.178284 109.793 -109.7598
678.056396 110.180 -125.9082
682.969849 110.436 -142.7124
687.918945 110.540 -159.1694
692.903870 110.556 -174.9888
697.924927 110.567 169.6006
702.982422 110.629 154.6387
708.076477 110.774 140.4448
713.207520 111.011 126.8896
718.375732 111.308 112.9165
723.581360 111.600 97.3413
728.824707 111.828 79.9551
734.106079 111.985 61.2612
739.425720 112.122 41.6597
744.783936 112.296 21.2632
750.180908 112.530 0.0767
755.617065 112.793 -21.9419
761.092529 113.012 -44.7266
766.607727 113.098 -67.8794
772.162903 112.969 -90.2256
777.758301 112.586 -108.2349
783.394287 111.993 -109.3560
789.071045 111.317 -61.5723
794.789001 110.709 -41.2891
800.548340 110.300 -46.0796
806.349487 110.167 -57.0503
812.192627 110.332 -71.3979
818.078125 110.756 -87.4458
824.006226 111.362 -104.3608
829.977295 112.044 -122.3818
835.991699 112.679 -141.9751
842.049622 113.160 -163.1958
848.151428 113.426 174.6289
854.297485 113.474 152.6445
860.488098 113.343 132.0620
866.723572 113.111 113.7866
873.004211 112.893 97.6460
879.330322 112.789 82.1201
885.702332 112.820 65.7002
892.120483 112.914 47.8789
898.585144 112.979 28.8022
905.096680 112.978 8.8911
911.655396 112.953 -11.5820
918.261597 112.955 -32.5420
924.915710 112.999 -53.8838
931.618042 113.064 -75.4214
938.368896 113.115 -97.0322
945.168762 113.100 -118.8091
952.017822 112.941 -140.7168
958.916504 112.573 -162.0762
965.865234 111.990 178.1338
972.864319 111.255 160.2236
979.914062 110.461 143.2578
987.014954 109.691 126.0527
994.167236 108.984 108.2373
1001.371399 108.337 90.2300
1008.627747 107.733 73.0610
1015.936646 107.202 57.8213
1023.298584 106.831 44.2598
1030.713867 106.686 30.2402
1038.182739 106.742 13.7471
1045.705933 106.909 -5.5293
1053.283447 107.092 -26.8999
1060.916016 107.218 -49.6323
1068.603882 107.219 -73.1743
1076.347412 107.051 -96.6968
1084.147095 106.756 -119.0469
1092.003296 106.467 -139.5591
1099.916382 106.331 -158.7441
1107.886841 106.397 -177.9590
1115.915039 106.606 161.6851
1124.001343 106.890 140.4268
1132.146362 107.237 119.4912
1140.350342 107.668 98.9419
1148.613770 108.201 75.8667
1156.937134 108.835 46.4033
1165.320801 109.541 6.2974
1173.765137 110.245 -59.2490
1182.270752 110.838 -152.5654
1190.838013 111.211 147.7344
1199.467285 111.280 104.1855
1208.159180 111.014 66.9150
1216.913940 110.459 34.6855
1225.732178 109.731 7.5767
1234.614380 109.005 -14.6621
1243.560913 108.481 -33.3335
1252.572266 108.313 -51.6797
1261.648926 108.494 -73.1064
1270.791382 108.873 -98.3452
1280.000000 109.294 -126.1606
1289.275391 109.685 -155.1621
1298.618042 110.031 175.5547
1308.028320 110.348 146.5596
1317.506836 110.674 117.9595
1327.054077 111.025 89.2056
1336.670410 111.355 59.6260
1346.356567 111.582 29.0918
1356.112793 111.656 -1.6987
1365.939697 111.605 -31.5166
1375.837891 111.531 -59.3081
1385.807739 111.530 -85.2085
1395.849854 111.604 -110.8345
1405.964844 111.653 -137.4175
1416.152954 111.578 -164.1602
1426.415039 111.372 170.5513
1436.751465 111.107 146.8477
1447.162720 110.864 123.4146
1457.649414 110.694 99.2769
1468.212158 110.648 74.4419
1478.851440 110.780 48.8296
1489.567871 111.083 21.5376
1500.361816 111.464 -8.4355
1511.234131 111.803 -41.1436
1522.185059 112.033 -74.5439
1533.215454 112.156 -103.2061
1544.325806 112.195 -112.3442
1555.516602 112.162 -95.9316
1566.788574 112.058 -106.5615
1578.142090 111.884 -134.6377
1589.578003 111.663 -168.2124
1601.096680 111.434 157.3608
1612.698975 111.219 125.4941
1624.385254 111.003 99.6113
1636.156250 110.775 79.4648
1648.012451 110.551 58.0044
1659.954590 110.363 31.4302
1671.983398 110.239 1.3242
1684.099243 110.197 -30.4683
1696.302856 110.228 -62.6738
1708.594971 110.302 -94.8613
1720.976196 110.356 -127.4961
1733.447144 110.313 -160.6680
1746.008423 110.123 166.5918
1758.660645 109.817 135.0195
1771.404663 109.493 103.7500
1784.240967 109.242 71.3447
1797.170288 109.080 37.2852
1810.193359 108.957 2.0127
1823.310791 108.812 -33.6455
1836.523193 108.628 -69.0352
1849.831421 108.425 -104.2861
1863.236084 108.197 -140.1270
1876.737793 107.892 -176.8369
1890.337524 107.461 146.1475
1904.035645 106.909 109.8486
1917.833008 106.305 75.2236
1931.730469 105.752 42.6367
1945.728638 105.339 11.3486
1959.828125 105.103 -20.0566
1974.029907 105.024 -52.4404
1988.334473 105.042 -85.5762
2002.742798 105.120 -118.5908
2017.255493 105.282 -151.1504
2031.873291 105.576 176.0410
2046.597168 106.002 142.0078
2061.427734 106.500 106.1982
2076.365479 107.004 68.6270
2091.411865 107.481 30.0420
2106.566895 107.900 -8.3945
2121.832031 108.190 -45.2314
2137.207764 108.263 -77.8262
2152.694824 108.106 -103.6152
2168.294189 107.827 -127.5508
2184.006592 107.571 -158.2666
2199.832764 107.436 164.0186
2215.773682 107.438 122.4453
2231.830078 107.518 79.0166
2248.002686 107.576 34.6875
2264.292725 107.515 -9.9229
2280.700684 107.305 -54.1592
2297.227539 107.009 -97.7041
2313.874268 106.725 -140.8076
2330.641602 106.513 176.1152
2347.530273 106.368 132.9180
2364.541504 106.244 89.7539
2381.676025 106.104 46.7871
2398.934570 105.938 3.9219
2416.318359 105.766 -38.8398
2433.827881 105.623 -81.3867
2451.464355 105.527 -123.7891
2469.228760 105.454 -165.9062
2487.121826 105.361 152.7246
2505.144531 105.213 112.5244
2523.297852 104.997 73.7275
2541.582764 104.741 35.9395
2560.000000 104.493 -2.1533
2578.550781 104.292 -41.4307
2597.236084 104.139 -81.9795
2616.056641 104.029 -123.4189
2635.013672 103.990 -165.3232
2654.108154 104.073 151.9531
2673.340820 104.298 107.6240
2692.713135 104.640 61.2881
2712.225586 105.031 12.7998
2731.879395 105.373 -37.6299
2751.675781 105.571 -89.4141
2771.615479 105.576 -141.7080
2791.699707 105.414 166.3115
2811.929688 105.148 115.2773
2832.305908 104.856 65.7832
2852.830078 104.620 17.8359
2873.502930 104.490 -29.7568
2894.325439 104.449 -78.6787
2915.298828 104.458 -129.6445
2936.424316 104.496 177.6865
2957.702881 104.542 124.0225
2979.135742 104.560 70.4824
3000.723633 104.541 19.0801
3022.468262 104.531 -26.6602
3044.370117 104.616 -61.8125
3066.430908 104.853 -90.2598
3088.651611 105.220 -128.7002
3111.033203 105.636 -178.9121
3133.577148 106.010 124.4346
3156.284180 106.279 64.6904
3179.156006 106.411 3.6846
3202.193359 106.406 -57.4893
3225.397949 106.294 -118.1914
3248.770508 106.114 -178.2188
3272.312500 105.900 122.3789
3296.024902 105.690 63.6084
3319.909180 105.526 5.5039
3343.966797 105.429 -51.6787
3368.198486 105.395 -107.0801
3392.605713 105.411 -159.8594
3417.189941 105.455 149.5732
3441.952393 105.514 99.6934
3466.894287 105.610 48.9414
3492.016846 105.801 -3.8711
3517.321289 106.146 -59.4688
3542.809326 106.647 -118.3721
3568.481934 107.221 179.2930
3594.340576 107.757 114.0088
3620.386719 108.159 46.5576
3646.621582 108.371 -22.2197
3673.046387 108.380 -91.4434
3699.662842 108.217 -160.1680
3726.472168 107.931 132.8037
3753.475586 107.588 69.2676
3780.675049 107.285 10.9971
3808.071289 107.121 -43.1680
3835.666016 107.119 -98.9082
3863.460938 107.204 -160.2764
3891.457275 107.276 133.5332
3919.656250 107.291 64.5391
3948.059814 107.260 -5.8867
3976.668945 107.218 -76.9814
4005.485596 107.198 -148.4639
4034.510986 107.214 139.6250
4063.746582 107.252 67.2344
4093.194336 107.274 -5.4688
4122.855469 107.241 -77.9580
4152.730957 107.133 -149.4473
4182.823730 106.961 140.7744
4213.133789 106.757 72.9268
4243.664062 106.564 5.9189
4274.415527 106.409 -62.3867
4305.389648 106.273 -133.4346
4336.588379 106.105 153.0283
4368.013184 105.888 78.2236
4399.665527 105.667 3.0938
4431.547363 105.507 -72.1562
4463.660156 105.426 -147.8252
4496.005371 105.396 135.8242
4528.585449 105.379 59.0557
4561.401367 105.359 -17.4805
4594.455078 105.337 -93.1885
4627.748535 105.340 -167.5908
4661.283203 105.428 119.8096
4695.060547 105.659 48.2754
4729.083008 106.025 -25.4658
4763.352051 106.424 -104.2324
4797.869141 106.729 172.2705
4832.636719 106.859 85.9961
4867.655762 106.800 -1.0957
4902.928711 106.588 -87.3574
4938.457520 106.287 -171.3682
4974.243652 105.989 107.5576
5010.289062 105.800 28.4053
5046.595703 105.784 -50.6367
5083.165527 105.935 -130.5225
5120.000000 106.203 147.8350
5157.101562 106.504 62.7598
5194.472168 106.733 -26.3555
5232.113281 106.802 -118.3359
5270.027344 106.682 148.6895
5308.216309 106.412 56.7285
5346.681641 106.075 -32.2285
5385.426270 105.760 -116.9160
5424.451172 105.533 161.0996
5463.758789 105.434 77.1602
5503.351562 105.472 -11.4316
5543.230957 105.637 -103.8711
5583.399414 105.907 161.3457
5623.859375 106.241 65.0508
5664.611816 106.564 -32.5293
5705.660156 106.794 -131.2598
5747.005859 106.889 129.3711
5788.650879 106.863 30.1172
5830.597656 106.768 -68.3281
5872.848633 106.672 -166.0938
5915.405762 106.619 95.6035
5958.271484 106.616 -4.3633
6001.447266 106.672 -106.0684
6044.936523 106.816 150.8301
6088.740234 107.045 46.3203
6132.861816 107.290 -59.5859
6177.303223 107.458 -165.8105
6222.066406 107.505 90.4727
6267.154297 107.451 -6.9043
6312.568359 107.355 -98.7695
6358.312012 107.289 165.5488
6404.386719 107.310 61.9922
6450.795898 107.427 -46.6738
6497.541016 107.606 -157.1348
6544.625000 107.822 93.7578
6592.049805 108.097 -11.4844
6639.818359 108.465 -114.0039
6687.933594 108.902 140.7070
6736.396973 109.313 29.3145
6785.211426 109.569 -87.2754
6834.379883 109.581 153.3848
6883.904785 109.354 33.7656
6933.788574 108.982 -84.1602
6984.033691 108.601 160.5918
7034.642578 108.352 46.5684
7085.618652 108.331 -69.4668
7136.963867 108.535 170.7930
7188.681152 108.872 47.8203
7240.773438 109.226 -76.9707
7293.243164 109.528 158.3418
7346.092773 109.774 35.9746
7399.325684 110.004 -83.0586
7452.944336 110.255 158.2324
7506.951172 110.516 35.2949
7561.350098 110.733 -92.5918
7616.142578 110.862 136.5293
7671.332031 110.924 4.9668
7726.921875 110.993 -125.2168
7782.914551 111.152 107.0625
7839.312500 111.427 -19.6836
7896.119629 111.738 -149.0723
7953.337891 111.946 77.0703
8010.971191 111.949 -59.8281
8069.021973 111.767 162.7559
8127.493164 111.528 26.3906
8186.388672 111.383 -109.4629
8245.710938 111.379 113.0312
8305.461914 111.432 -27.7070
8365.647461 111.406 -171.3320
8426.267578 111.219 43.8398
8487.328125 110.883 -100.2734
8548.831055 110.482 117.6074
8610.779297 110.115 -22.9648
8673.176758 109.835 -163.9121
8736.026367 109.653 53.5664
8799.331055 109.575 -90.2168
8863.094727 109.637 125.1953
8927.320312 109.852 -20.3730
8992.010742 110.174 -167.6367
9057.170898 110.518 42.5879
9122.802734 110.811 -109.8848
9188.910156 111.031 95.5039
9255.497070 111.189 -60.7246
9322.566406 111.297 141.6621
9390.121094 111.373 -17.1016
9458.166016 111.457 -176.9023
9526.704102 111.569 22.0078
9595.738281 111.677 -140.6816
9665.273438 111.731 55.0977
9735.311523 111.710 -110.1465
9805.857422 111.633 84.1172
9876.915039 111.525 -81.8398
9948.487305 111.408 111.8926
10020.578125 111.300 -55.0078
10093.191406 111.223 137.5449
10166.331055 111.222 -30.1523
10240.000000 111.343 161.4551
10314.203125 111.590 -8.7617
10388.944336 111.907 178.1660
10464.226562 112.230 9.3047
10540.054688 112.540 -162.4238
10616.432617 112.861 18.8555
10693.363281 113.200 -161.4043
10770.852539 113.514 16.4023
10848.902344 113.747 -167.5488
10927.517578 113.892 7.4043
11006.703125 113.985 -178.3809
11086.461914 114.055 -5.3184
11166.798828 114.079 165.8691
11247.718750 114.003 -24.7402
11329.223633 113.811 143.5762
11411.320312 113.550 -48.7480
11494.011719 113.280 117.8730
11577.301758 113.009 -77.1113
11661.195312 112.705 86.4512
11745.697266 112.357 -110.9004
11830.811523 111.996 50.8965
11916.542969 111.660 -148.7461
12002.894531 111.370 9.7559
12089.873047 111.128 166.5332
12177.480469 110.931 -38.1719
12265.723633 110.773 115.6250
12354.606445 110.631 -92.3926
12444.132812 110.472 57.6738
12534.308594 110.282 -153.9668
12625.136719 110.069 -7.0723
12716.624023 109.854 138.5117
12808.773438 109.641 -77.1426
12901.591797 109.406 66.1172
12995.082031 109.143 -151.5137
13089.250000 108.875 -10.1484
13184.099609 108.624 129.7793
13279.636719 108.380 -92.1230
13375.867188 108.126 43.9883
13472.793945 107.851 177.9453
13570.422852 107.542 -50.1934
13668.759766 107.199 80.0273
13767.809570 106.854 -150.8125
13867.577148 106.552 -22.3789
13968.067383 106.321 105.3223
14069.285156 106.154 -127.9473
14171.237305 106.023 -2.5723
14273.927734 105.900 120.9590
14377.362305 105.778 -117.9863
14481.546875 105.666 0.1777
14586.486328 105.586 115.6113
14692.185547 105.554 -131.3301
14798.651367 105.555 -20.4766
14905.888672 105.533 88.3984
15013.902344 105.450 -164.2793
15122.700195 105.316 -58.3184
15232.285156 105.150 46.0332
15342.664062 104.950 148.5566
15453.843750 104.718 -110.7461
15565.829102 104.477 -12.0176
15678.625000 104.247 84.5176
15792.239258 104.036 178.8438
15906.675781 103.843 -89.0566
16021.942383 103.628 0.7891
16138.043945 103.338 88.5566
16254.986328 102.953 174.5625
16372.777344 102.501 -100.9531
16491.421875 102.028 -17.8496
16610.923828 101.596 63.9395
16731.294922 101.261 144.2559
16852.535156 101.033 -137.2910
16974.656250 100.855 -60.8906
17097.662109 100.652 13.4062
17221.558594 100.370 85.4707
17346.353516 99.991 155.2520
17472.052734 99.531 -137.1035
17598.662109 99.029 -71.5703
17726.189453 98.514 -8.2324
17854.640625 98.011 52.9219
17984.021484 97.537 111.8281
18114.341797 97.095 168.2754
18245.605469 96.679 -137.8477
18377.820312 96.292 -86.6406
18510.994141 95.927 -38.3379
18645.132812 95.564 6.8652
18780.242188 95.170 48.9141
18916.332031 94.702 87.8750
19053.408203 94.119 123.9980
19191.476562 93.400 157.5898
19330.546875 92.544 -171.0801
19470.623047 91.579 -141.8066
19611.714844 90.573 -114.5527
19753.830078 89.626 -89.2773
19896.974609 88.867 -65.5820
