* Measurement data measured by REW V5.31.3
* Source: Scarlett 2i2 4th Gen, MICROPHONE, 1, volume: no control
* Format: 256k Log Swept Sine, 2 sweeps at -12.2 dBFS using a loopback as a timing reference
* Dated: May 16, 2026 9:35:22 AM
* REW Settings:
*  C-weighting compensation: Off
*  Target level: 75.0 dB
* Note: ; Delay 11.6238 ms (3.987 m, 13 ft 1 in)  relative to Loopback from SPEAKER R to MICROPHONE 2 with no timing offset
* Measurement: R sedacka_doma_loopback May 16
* Smoothing: 1/12 octave
* Frequency Step: 1/96 octave
* Start Frequency: 20.000 Hz
*
* Freq(Hz) SPL(dB) Phase(degrees)
20.000000 81.079 162.0464
20.144928 81.433 163.6185
20.290907 81.748 165.0897
20.437943 82.030 166.4958
20.586044 82.287 167.8373
20.735220 82.526 169.0746
20.885475 82.748 170.1373
21.036821 82.949 170.9442
21.189262 83.116 171.4252
21.342808 83.231 171.5457
21.497467 83.272 171.3262
21.653246 83.214 170.8536
21.810154 83.036 170.2977
21.968201 82.721 169.9452
22.127390 82.268 170.2651
22.287735 81.707 172.0600
22.449242 81.125 176.7634
22.611917 80.699 -173.2046
22.775772 80.653 -155.4721
22.940815 81.120 -133.5614
23.107054 82.028 -116.9024
23.274498 83.167 -107.9715
23.443153 84.343 -104.0716
23.613033 85.443 -102.8540
23.784142 86.430 -102.9459
23.956491 87.313 -103.5586
24.130091 88.131 -104.2307
24.304947 88.933 -104.7239
24.481071 89.771 -104.9995
24.658470 90.682 -105.2031
24.837156 91.678 -105.6215
25.017136 92.744 -106.5886
25.198421 93.844 -108.3763
25.381020 94.938 -111.1339
25.564941 95.989 -114.8796
25.750195 96.970 -119.5396
25.936790 97.862 -124.9858
26.124741 98.652 -131.0713
26.314051 99.335 -137.6447
26.504732 99.909 -144.5609
26.696796 100.375 -151.6826
26.890253 100.737 -158.8799
27.085112 101.000 -166.0302
27.281382 101.171 -173.0178
27.479073 101.262 -179.7352
27.678198 101.285 173.9140
27.878765 101.258 168.0096
28.080786 101.201 162.6085
28.284271 101.134 157.7357
28.489231 101.080 153.3807
28.695675 101.055 149.4971
28.903616 101.069 146.0123
29.113064 101.126 142.8420
29.324028 101.221 139.9098
29.536524 101.348 137.1584
29.750557 101.499 134.5550
29.966141 101.669 132.0846
30.183289 101.859 129.7384
30.402010 102.070 127.5027
30.622314 102.303 125.3511
30.844217 102.559 123.2470
31.067726 102.835 121.1511
31.292856 103.126 119.0318
31.519617 103.427 116.8730
31.748020 103.734 114.6752
31.978081 104.044 112.4484
32.209808 104.359 110.2017
32.443211 104.683 107.9357
32.678310 105.017 105.6387
32.915108 105.363 103.2935
33.153625 105.719 100.8882
33.393871 106.084 98.4276
33.635857 106.459 95.9350
33.879597 106.853 93.4413
34.125103 107.281 90.9600
34.372387 107.763 88.4566
34.621464 108.314 85.8275
34.872345 108.939 82.9028
35.125042 109.623 79.4829
35.379574 110.336 75.3921
35.635948 111.039 70.5264
35.894180 111.692 64.8710
36.154285 112.261 58.4891
36.416275 112.718 51.5004
36.680161 113.046 44.0585
36.945961 113.230 36.3356
37.213688 113.264 28.5146
37.483353 113.144 20.7869
37.754974 112.869 13.3568
38.028561 112.441 6.4548
38.304131 111.868 0.3506
38.581699 111.167 -4.6297
38.861279 110.371 -8.0963
39.142883 109.545 -9.6196
39.426529 108.798 -8.8466
39.712231 108.287 -5.7577
40.000000 108.170 -0.9710
40.289856 108.528 4.2874
40.581814 109.319 8.7471
40.875885 110.421 11.6183
41.172089 111.709 12.5935
41.470440 113.079 11.6057
41.770950 114.447 8.6882
42.073643 115.750 3.9509
42.378525 116.935 -2.4182
42.685616 117.964 -10.1696
42.994934 118.813 -19.0206
43.306492 119.464 -28.6842
43.620308 119.907 -38.8779
43.936401 120.140 -49.3298
44.254780 120.164 -59.7757
44.575470 119.988 -69.9646
44.898483 119.625 -79.6625
45.223835 119.098 -88.6624
45.551544 118.441 -96.8022
45.881630 117.693 -103.9890
46.214108 116.899 -110.2160
46.548996 116.101 -115.5563
46.886307 115.328 -120.1216
47.226067 114.597 -124.0017
47.568283 113.912 -127.2227
47.912983 113.285 -129.7534
48.260181 112.739 -131.5593
48.609894 112.314 -132.6873
48.962143 112.059 -133.3398
49.316940 112.008 -133.8962
49.674313 112.161 -134.8362
50.034271 112.473 -136.5938
50.396843 112.875 -139.4275
50.762039 113.289 -143.3793
51.129883 113.656 -148.3192
51.500389 113.934 -154.0215
51.873581 114.106 -160.2332
52.249481 114.167 -166.7195
52.628101 114.124 -173.2832
53.009464 113.989 -179.7671
53.393593 113.774 173.9584
53.780506 113.494 168.0066
54.170223 113.170 162.4766
54.562763 112.834 157.4302
54.958145 112.528 152.8489
55.356396 112.298 148.5951
55.757530 112.179 144.4149
56.161572 112.180 140.0006
56.568542 112.279 135.0796
56.978462 112.438 129.4795
57.391350 112.614 123.1372
57.807232 112.769 116.0736
58.226128 112.876 108.3601
58.648056 112.913 100.0964
59.073048 112.867 91.3984
59.501114 112.731 82.3879
59.932281 112.508 73.1809
60.366577 112.202 63.8794
60.804020 111.823 54.5682
61.244629 111.382 45.3275
61.688435 110.888 36.2509
62.135452 110.358 27.4553
62.585712 109.827 19.0602
63.039234 109.357 11.1200
63.496040 109.036 3.5331
63.956161 108.945 -4.0027
64.419617 109.106 -11.9071
64.886421 109.470 -20.5344
65.356621 109.948 -30.0358
65.830215 110.455 -40.3492
66.307251 110.936 -51.2837
66.787743 111.359 -62.6039
67.271713 111.712 -74.0853
67.759193 111.987 -85.5345
68.250206 112.183 -96.7858
68.744774 112.299 -107.6857
69.242928 112.339 -118.0735
69.744690 112.321 -127.7765
70.250084 112.285 -136.6455
70.759148 112.298 -144.6384
71.271896 112.429 -151.9158
71.788361 112.716 -158.8491
72.308571 113.137 -165.8810
72.832550 113.627 -173.3246
73.360321 114.119 178.7242
73.891922 114.566 170.3352
74.427376 114.944 161.6461
74.966705 115.242 152.8052
75.509949 115.460 143.9537
76.057121 115.602 135.2220
76.608261 115.688 126.7067
77.163399 115.740 118.4470
77.722557 115.777 110.4208
78.285767 115.812 102.5735
78.853058 115.852 94.8444
79.424461 115.903 87.1727
80.000000 115.969 79.4863
80.579712 116.051 71.7015
81.163628 116.145 63.7383
81.751770 116.247 55.5271
82.344177 116.350 46.9969
82.940880 116.441 38.0685
83.541901 116.498 28.6748
84.147285 116.490 18.7992
84.757050 116.385 8.4984
85.371231 116.160 -2.1127
85.989868 115.804 -12.8950
86.612984 115.318 -23.7258
87.240616 114.710 -34.5203
87.872803 113.992 -45.2410
88.509560 113.177 -55.8962
89.150940 112.278 -66.5465
89.796967 111.311 -77.3184
90.447670 110.301 -88.4342
91.103088 109.293 -100.2733
91.763260 108.375 -113.5010
92.428215 107.690 -129.3003
93.097992 107.406 -149.6267
93.772614 107.607 -176.7617
94.452133 108.203 149.9089
95.136566 108.995 116.8788
95.825966 109.792 89.1644
96.520363 110.456 66.2500
97.219788 110.902 46.3912
97.924286 111.082 28.5605
98.633881 110.986 12.3978
99.348625 110.629 -2.0872
100.068542 110.062 -14.7332
100.793686 109.360 -25.3735
101.524078 108.635 -33.9706
102.259766 108.016 -40.7749
103.000778 107.620 -46.4077
103.747162 107.484 -51.6743
104.498962 107.553 -57.2084
105.256203 107.724 -63.3031
106.018929 107.895 -69.9727
106.787186 107.997 -77.0454
107.561012 108.000 -84.2524
108.340446 107.914 -91.3662
109.125526 107.772 -98.3225
109.916290 107.591 -105.1978
110.712791 107.366 -112.0571
111.515060 107.071 -118.8188
112.323143 106.686 -125.2295
113.137085 106.211 -130.9185
113.956924 105.682 -135.4888
114.782700 105.176 -138.6184
115.614464 104.808 -140.2119
116.452255 104.710 -140.6091
117.296112 104.964 -140.7083
118.146095 105.545 -141.7183
119.002228 106.331 -144.6208
119.864563 107.164 -149.8301
120.733154 107.908 -157.2349
121.608040 108.466 -166.4031
122.489258 108.779 -176.7485
123.376869 108.818 172.3623
124.270905 108.581 161.5493
125.171425 108.091 151.3823
126.078468 107.390 142.3267
126.992081 106.550 134.6260
127.912323 105.658 128.1875
128.839233 104.787 122.6753
129.772842 103.979 117.8325
130.713242 103.258 113.6797
131.660431 102.665 110.3250
132.614502 102.270 107.6199
133.575485 102.139 105.0144
134.543427 102.281 101.7561
135.518387 102.640 97.2122
136.500412 103.123 91.0549
137.489548 103.644 83.2476
138.485855 104.147 73.9185
139.489380 104.603 63.2227
140.500168 104.997 51.2583
141.518295 105.321 38.0627
142.543793 105.563 23.6609
143.576721 105.720 8.1062
144.617142 105.804 -8.5269
145.665100 105.839 -26.1577
146.720642 105.856 -44.7095
147.783844 105.874 -64.0869
148.854752 105.889 -84.1255
149.933411 105.863 -104.5071
151.019897 105.747 -124.7129
152.114243 105.510 -144.0730
153.216522 105.167 -161.9270
154.326797 104.798 -177.8015
155.445114 104.539 168.4480
156.571533 104.548 156.5544
157.706116 104.919 145.8870
158.848923 105.619 135.6582
160.000000 106.518 125.1516
161.159424 107.463 113.8772
162.327255 108.333 101.6531
163.503540 109.053 88.6216
164.688354 109.610 75.1494
165.881760 110.043 61.6260
167.083801 110.424 48.2478
168.294571 110.813 34.9075
169.514099 111.219 21.2859
170.742462 111.595 7.0708
171.979736 111.876 -7.8608
173.225967 112.006 -23.4319
174.481232 111.951 -39.4426
175.745605 111.689 -55.6160
177.019119 111.203 -71.5500
178.301880 110.489 -86.5913
179.593933 109.565 -99.5833
180.895340 108.489 -108.2925
182.206177 107.379 -108.6016
183.526520 106.407 -97.7400
184.856430 105.725 -86.6704
186.195984 105.360 -86.1936
187.545227 105.182 -93.1162
188.904266 105.028 -103.1387
190.273132 104.802 -113.8494
191.651932 104.512 -123.9089
193.040726 104.269 -132.6616
194.439575 104.232 -140.1145
195.848572 104.527 -147.0137
197.267761 105.151 -154.5901
198.697250 105.975 -163.8916
200.137085 106.843 -175.3257
201.587372 107.641 171.2314
203.048157 108.298 156.1094
204.519531 108.773 139.6338
206.001556 109.031 122.1094
207.494324 109.047 103.8806
208.997925 108.820 85.3391
210.512405 108.391 66.8240
212.037857 107.845 48.4204
213.574371 107.294 29.8022
215.122025 106.813 10.3545
216.680893 106.396 -10.4365
218.251053 105.968 -32.7520
219.832581 105.446 -56.4944
221.425583 104.787 -81.4592
223.030121 104.003 -107.4531
224.646286 103.168 -134.3159
226.274170 102.418 -161.9680
227.913849 101.932 169.1890
229.565399 101.836 131.5869
231.228928 102.087 -43.2061
232.904510 102.484 -81.0950
234.592224 102.826 -109.6670
236.292191 103.028 -135.7080
238.004456 103.142 -158.7415
239.729126 103.328 -177.6479
241.466309 103.744 168.5908
243.216080 104.421 159.4045
244.978516 105.246 150.6870
246.753738 106.049 137.9580
248.541809 106.681 120.7126
250.342850 107.060 100.7043
252.156937 107.185 79.7114
253.984161 107.150 58.8667
255.824646 107.105 38.4578
257.678467 107.169 18.0110
259.545685 107.345 -3.3071
261.426483 107.541 -26.1555
263.320862 107.667 -50.8550
265.229004 107.692 -77.7959
267.150970 107.635 -108.1951
269.086853 107.518 -145.6372
271.036774 107.340 161.6482
273.000824 107.087 95.7932
274.979095 106.754 45.5139
276.971710 106.359 10.2798
278.978760 105.949 -18.0283
281.000336 105.599 -42.7852
283.036591 105.367 -65.6514
285.087585 105.237 -87.7119
287.153442 105.117 -109.5635
289.234283 104.915 -131.2935
291.330200 104.589 -152.6440
293.441284 104.151 -173.0693
295.567688 103.659 168.7812
297.709503 103.224 157.2158
299.866821 103.011 168.1372
302.039795 103.150 -153.7495
304.228485 103.607 -151.7109
306.433044 104.211 -166.8374
308.653595 104.784 172.8047
310.890228 105.211 150.2402
313.143066 105.427 126.6133
315.412231 105.408 102.5898
317.697845 105.176 78.7588
320.000000 104.813 55.7866
322.318848 104.447 34.6499
324.654510 104.200 17.6104
327.007080 104.133 10.5078
329.376709 104.234 19.3926
331.763519 104.440 27.4609
334.167603 104.660 33.3237
336.589142 104.797 107.3730
339.028198 104.796 114.3252
341.484924 104.674 94.2920
343.959473 104.509 70.5981
346.451935 104.392 46.0518
348.962463 104.369 21.3242
351.491211 104.429 -3.3081
354.038239 104.532 -27.4517
356.603760 104.645 -50.1445
359.187866 104.753 -68.4424
361.790680 104.866 -71.3506
364.412354 105.024 -41.9224
367.053040 105.271 -35.2310
369.712860 105.601 -51.4565
372.391968 105.941 -74.3076
375.090454 106.189 -99.7168
377.808533 106.284 -126.2266
380.546265 106.223 -153.1230
383.303864 106.043 179.7627
386.081451 105.773 156.1738
388.879150 105.433 -53.2329
391.697144 105.050 -80.4595
394.535522 104.673 -105.1548
397.394501 104.362 -128.2085
400.274170 104.186 -149.2734
403.174744 104.206 -168.0356
406.096313 104.485 175.5635
409.039062 105.065 160.6504
412.003113 105.902 145.4707
414.988647 106.847 128.6538
417.995850 107.737 109.9043
421.024811 108.447 89.6880
424.075714 108.895 68.7085
427.148743 109.023 47.7705
430.244049 108.823 27.9736
433.361786 108.371 10.4478
436.502106 107.834 -4.3911
439.665161 107.415 -17.3198
442.851166 107.252 -30.0542
446.060242 107.345 -44.2056
449.292572 107.608 -60.2378
452.548340 107.961 -77.7471
455.827698 108.349 -96.3521
459.130798 108.705 -115.9458
462.457855 108.947 -136.4155
465.809021 109.008 -157.3794
469.184448 108.871 -178.2754
472.584381 108.582 161.3506
476.008911 108.216 141.6030
479.458252 107.834 122.2778
482.932617 107.446 103.2285
486.432159 107.054 84.6436
489.957031 106.698 66.7192
493.507477 106.444 49.1001
497.083618 106.322 30.9688
500.685699 106.280 11.8730
504.313873 106.230 -7.7178
507.968323 106.119 -26.3154
511.649292 105.980 -41.6079
515.356934 105.915 -52.0039
519.091370 105.998 -60.4160
522.852966 106.211 -72.9980
526.641724 106.446 -91.3809
530.458008 106.581 -113.3813
534.301941 106.531 -136.1724
538.173706 106.294 -156.3843
542.073547 105.959 -169.3999
546.001648 105.683 -172.8110
549.958191 105.617 -176.8652
553.943420 105.806 168.8882
557.957520 106.155 146.7495
562.000671 106.510 120.0098
566.073181 106.743 90.4385
570.175171 106.793 58.8833
574.306885 106.655 25.5820
578.468567 106.360 -10.0181
582.660400 105.940 -50.0269
586.882568 105.425 -100.4497
591.135376 104.857 -168.3398
595.419006 104.309 129.1294
599.733643 103.872 86.1470
604.079590 103.636 53.3550
608.456970 103.706 25.7876
612.866089 104.164 0.9429
617.307190 104.976 -23.0820
621.780457 105.983 -47.7256
626.286133 106.998 -73.7188
630.824463 107.881 -101.0703
635.395691 108.551 -129.4087
640.000000 108.973 -158.2197
644.637695 109.161 173.0713
649.309021 109.166 144.9209
654.014160 109.061 117.4912
658.753418 108.901 90.5332
663.527039 108.695 63.6289
668.335205 108.416 36.6543
673.178284 108.055 9.7373
678.056396 107.638 -17.0459
682.969849 107.203 -43.6621
687.918945 106.797 -70.0664
692.903870 106.452 -96.2114
697.924927 106.173 -121.9678
702.982422 105.942 -146.9722
708.076477 105.739 -170.7617
713.207520 105.547 166.6836
718.375732 105.338 145.0220
723.581360 105.111 124.0908
728.824707 104.916 103.1206
734.106079 104.811 80.5044
739.425720 104.795 55.3960
744.783936 104.800 28.2808
750.180908 104.738 0.4224
755.617065 104.559 -26.6494
761.092529 104.294 -51.8403
766.607727 104.039 -75.2788
772.162903 103.886 -97.7627
777.758301 103.872 -120.1221
783.394287 103.968 -143.8481
789.071045 104.133 -170.6528
794.789001 104.347 159.0269
800.548340 104.593 125.8950
806.349487 104.809 91.0181
812.192627 104.910 55.6968
818.078125 104.837 21.4468
824.006226 104.603 -11.0786
829.977295 104.283 -44.3247
835.991699 103.965 -83.3809
842.049622 103.715 -133.4077
848.151428 103.596 162.0205
854.297485 103.688 92.9219
860.488098 104.016 34.7612
866.723572 104.506 -14.3306
873.004211 105.031 -58.2515
879.330322 105.483 -97.9697
885.702332 105.794 -133.8530
892.120483 105.934 -168.2529
898.585144 105.906 155.5962
905.096680 105.725 116.8682
911.655396 105.399 76.4609
918.261597 104.952 35.3115
924.915710 104.448 -6.2603
931.618042 103.977 -48.1387
938.368896 103.606 -90.1953
945.168762 103.336 -132.0913
952.017822 103.097 -172.5190
958.916504 102.852 150.4561
965.865234 102.669 116.3823
972.864319 102.682 81.1304
979.914062 102.971 41.6997
987.014954 103.495 -1.4312
994.167236 104.119 -46.7124
1001.371399 104.734 -92.7871
1008.627747 105.294 -138.8105
1015.936646 105.776 175.4688
1023.298584 106.139 130.0732
1030.713867 106.364 85.2178
1038.182739 106.483 41.1426
1045.705933 106.545 -2.1309
1053.283447 106.571 -44.6729
1060.916016 106.557 -86.4014
1068.603882 106.500 -127.1523
1076.347412 106.423 -167.1025
1084.147095 106.334 153.1924
1092.003296 106.228 113.4531
1099.916382 106.127 73.7988
1107.886841 106.078 34.1602
1115.915039 106.080 -5.8105
1124.001343 106.069 -46.1172
1132.146362 105.981 -86.0254
1140.350342 105.803 -124.4541
1148.613770 105.550 -161.0029
1156.937134 105.210 163.3906
1165.320801 104.733 127.7568
1173.765137 104.112 92.4941
1182.270752 103.427 58.4238
1190.838013 102.805 25.8516
1199.467285 102.377 -5.8115
1208.159180 102.237 -38.1846
1216.913940 102.388 -72.7344
1225.732178 102.749 -109.8818
1234.614380 103.195 -149.4326
1243.560913 103.619 169.3369
1252.572266 103.981 127.4531
1261.648926 104.311 85.7705
1270.791382 104.651 44.4531
1280.000000 104.975 2.9434
1289.275391 105.194 -39.3203
1298.618042 105.245 -82.1924
1308.028320 105.138 -125.0713
1317.506836 104.932 -167.5537
1327.054077 104.703 150.7012
1336.670410 104.538 109.7012
1346.356567 104.505 68.8809
1356.112793 104.631 27.7412
1365.939697 104.898 -13.7832
1375.837891 105.247 -55.5811
1385.807739 105.618 -97.3545
1395.849854 105.987 -139.2510
1405.964844 106.324 177.3359
1416.152954 106.574 131.1660
1426.415039 106.683 82.6748
1436.751465 106.632 33.3662
1447.162720 106.441 -15.0811
1457.649414 106.182 -61.3701
1468.212158 105.965 -105.6699
1478.851440 105.876 -150.2002
1489.567871 105.903 162.7744
1500.361816 105.958 112.8125
1511.234131 105.972 60.7539
1522.185059 105.923 7.5176
1533.215454 105.806 -46.2158
1544.325806 105.613 -99.5840
1555.516602 105.343 -150.8750
1566.788574 105.046 163.6084
1578.142090 104.828 129.0996
1589.578003 104.807 100.4229
1601.096680 105.025 61.2715
1612.698975 105.401 11.3584
1624.385254 105.784 -44.3281
1636.156250 106.031 -103.0273
1648.012451 106.065 -163.2832
1659.954590 105.894 135.7305
1671.983398 105.592 74.3369
1684.099243 105.257 12.6777
1696.302856 105.006 -48.9580
1708.594971 104.948 -109.7207
1720.976196 105.123 -164.7783
1733.447144 105.461 -162.7510
1746.008423 105.834 -154.5039
1758.660645 106.119 146.0537
1771.404663 106.232 81.5527
1784.240967 106.136 16.4082
1797.170288 105.851 -47.7539
1810.193359 105.454 -110.2305
1823.310791 105.056 -171.1475
1836.523193 104.752 128.5771
1849.831421 104.562 67.7656
1863.236084 104.421 5.8418
1876.737793 104.243 -56.8076
1890.337524 103.982 -119.1250
1904.035645 103.645 -179.6445
1917.833008 103.293 123.3076
1931.730469 103.024 70.2354
1945.728638 102.934 18.0186
1959.828125 103.044 -37.7266
1974.029907 103.265 -98.1211
1988.334473 103.470 -161.9658
2002.742798 103.580 132.2520
2017.255493 103.585 65.6826
2031.873291 103.530 -0.9473
2046.597168 103.497 -67.4854
2061.427734 103.547 -134.3203
2076.365479 103.676 157.9600
2091.411865 103.824 88.9883
2106.566895 103.917 18.7715
2121.832031 103.893 -52.4033
2137.207764 103.736 -124.1348
2152.694824 103.470 163.8096
2168.294189 103.131 91.5010
2184.006592 102.735 19.1084
2199.832764 102.295 -52.7295
2215.773682 101.862 -122.6172
2231.830078 101.568 171.3027
2248.002686 101.569 109.5703
2264.292725 101.906 48.2578
2280.700684 102.448 -18.4717
2297.227539 102.993 -92.0527
2313.874268 103.378 -170.9580
2330.641602 103.526 106.5879
2347.530273 103.429 21.7900
2364.541504 103.117 -64.6816
2381.676025 102.641 -152.6367
2398.934570 102.058 117.7754
2416.318359 101.430 25.9326
2433.827881 100.812 -69.7305
2451.464355 100.230 -171.6484
2469.228760 99.685 80.2695
2487.121826 99.185 -27.2754
2505.144531 98.759 -128.5908
2523.297852 98.429 135.8018
2541.582764 98.185 44.4277
2560.000000 98.015 -42.4600
2578.550781 97.965 -122.8535
2597.236084 98.127 165.9053
2616.056641 98.539 102.4775
2635.013672 99.127 36.1270
2654.108154 99.753 -40.3037
2673.340820 100.284 -125.0107
2692.713135 100.626 145.2324
2712.225586 100.753 52.9082
2731.879395 100.702 -40.2871
2751.675781 100.547 -133.1973
2771.615479 100.359 135.6064
2791.699707 100.213 49.0605
2811.929688 100.174 -26.3320
2832.305908 100.266 -87.2930
2852.830078 100.469 -156.3555
2873.502930 100.733 118.9883
2894.325439 100.998 27.2090
2915.298828 101.222 -67.0605
2936.424316 101.408 -161.8613
2957.702881 101.580 103.5098
2979.135742 101.749 9.3164
3000.723633 101.900 -83.9668
3022.468262 102.041 -175.9648
3044.370117 102.235 92.4629
3066.430908 102.531 -0.5801
3088.651611 102.910 -96.2598
3111.033203 103.295 165.4512
3133.577148 103.606 65.1094
3156.284180 103.782 -36.6504
3179.156006 103.788 -139.1992
3202.193359 103.627 118.0664
3225.397949 103.357 15.4922
3248.770508 103.066 -87.0039
3272.312500 102.836 170.2012
3296.024902 102.702 66.6875
3319.909180 102.644 -37.8281
3343.966797 102.596 -143.3574
3368.198486 102.479 110.3477
3392.605713 102.233 3.7461
3417.189941 101.854 -102.6250
3441.952393 101.399 151.6426
3466.894287 100.945 46.7266
3492.016846 100.560 -57.2051
3517.321289 100.309 -160.2383
3542.809326 100.249 96.8359
3568.481934 100.403 -7.1191
3594.340576 100.739 -112.8262
3620.386719 101.177 139.4102
3646.621582 101.612 29.2539
3673.046387 101.935 -83.3848
3699.662842 102.094 162.0547
3726.472168 102.119 46.1777
3753.475586 102.103 -70.8086
3780.675049 102.147 171.0078
3808.071289 102.308 51.3809
3835.666016 102.565 -70.0098
3863.460938 102.833 166.6367
3891.457275 103.012 41.3730
3919.656250 103.020 -85.3340
3948.059814 102.819 147.4219
3976.668945 102.417 21.2031
4005.485596 101.883 -101.6426
4034.510986 101.331 141.4141
4063.746582 100.894 29.5723
4093.194336 100.653 -84.0352
4122.855469 100.587 156.1797
4152.730957 100.606 32.5508
4182.823730 100.617 -89.7559
4213.133789 100.556 157.8047
4243.664062 100.408 57.3594
4274.415527 100.208 -54.4004
4305.389648 100.031 179.8789
4336.588379 99.959 48.9766
4368.013184 100.043 -82.1934
4399.665527 100.289 148.8359
4431.547363 100.668 20.9453
4463.660156 101.119 -110.3223
4496.005371 101.550 112.9199
4528.585449 101.878 -27.8301
4561.401367 102.084 -170.3047
4594.455078 102.221 47.1348
4627.748535 102.378 -95.0254
4661.283203 102.598 122.3477
4695.060547 102.835 -22.1426
4729.083008 102.988 -168.7754
4763.352051 102.981 43.5898
4797.869141 102.803 -103.4004
4832.636719 102.522 111.1855
4867.655762 102.253 -33.8398
4902.928711 102.075 179.0312
4938.457520 101.977 28.6465
4974.243652 101.896 -124.3379
5010.289062 101.797 81.2539
5046.595703 101.690 -73.6426
5083.165527 101.604 131.5781
5120.000000 101.565 -22.9180
5157.101562 101.585 -177.6680
5194.472168 101.655 26.4746
5232.113281 101.766 -130.9648
5270.027344 101.927 69.8262
5308.216309 102.134 -91.5039
5346.681641 102.333 104.6855
5385.426270 102.447 -61.4062
5424.451172 102.438 131.1973
5463.758789 102.346 -36.2500
5503.351562 102.224 157.3105
5543.230957 102.085 -7.4551
5583.399414 101.910 -171.4102
5623.859375 101.699 22.8320
5664.611816 101.485 -146.5293
5705.660156 101.317 40.4531
5747.005859 101.240 -135.3340
5788.650879 101.277 54.6133
5830.597656 101.416 -123.3105
5872.848633 101.618 54.4863
5915.405762 101.829 -115.4160
5958.271484 101.991 72.2070
6001.447266 102.051 -106.9062
6044.936523 102.003 68.0039
6088.740234 101.895 -112.7793
6132.861816 101.810 75.2246
6177.303223 101.824 -91.3672
6222.066406 101.938 95.6992
6267.154297 102.083 -87.5469
6312.568359 102.198 86.1660
6358.312012 102.296 -102.7012
6404.386719 102.437 66.4316
6450.795898 102.670 -125.8906
6497.541016 102.999 39.7188
6544.625000 103.377 -157.5703
6592.049805 103.735 2.7070
6639.818359 104.056 161.8184
6687.933594 104.366 -40.0215
6736.396973 104.674 115.9062
6785.211426 104.940 -91.3887
6834.379883 105.141 58.3672
6883.904785 105.293 -154.0449
6933.788574 105.442 -8.2129
6984.033691 105.611 135.7754
7034.642578 105.762 -82.2754
7085.618652 105.819 57.8047
7136.963867 105.724 -163.3164
7188.681152 105.479 -25.0039
7240.773438 105.132 112.8262
7293.243164 104.749 -110.0020
7346.092773 104.380 26.9336
7399.325684 104.049 164.3906
7452.944336 103.773 -57.6973
7506.951172 103.574 80.4062
7561.350098 103.468 -139.1777
7616.142578 103.453 9.4570
7671.332031 103.514 166.8105
7726.921875 103.628 -44.8223
7782.914551 103.774 89.3184
7839.312500 103.948 -145.4082
7896.119629 104.167 -25.5273
7953.337891 104.448 90.8848
8010.971191 104.780 -155.1387
8069.021973 105.153 -42.9941
8127.493164 105.567 67.6113
8186.388672 106.009 176.6074
8245.710938 106.422 -76.2305
8305.461914 106.739 29.0918
8365.647461 106.939 132.7207
8426.267578 107.041 -125.4160
8487.328125 107.066 -25.3867
8548.831055 107.031 72.9297
8610.779297 106.958 169.6465
8673.176758 106.866 -95.0879
8736.026367 106.783 -0.8477
8799.331055 106.753 92.5254
8863.094727 106.805 -175.5195
8927.320312 106.907 -85.6719
8992.010742 106.998 2.0820
9057.170898 107.041 88.3164
9122.802734 107.018 173.6133
9188.910156 106.906 -100.4316
9255.497070 106.717 -10.5820
9322.566406 106.530 84.3555
9390.121094 106.436 178.0898
9458.166016 106.479 -96.8594
9526.704102 106.637 -20.5391
9595.738281 106.859 50.1543
9665.273438 107.102 117.3320
9735.311523 107.342 -178.3633
9805.857422 107.564 -116.8223
9876.915039 107.764 -57.9980
9948.487305 107.920 -1.9570
10020.578125 107.993 51.4043
10093.191406 107.971 102.4023
10166.331055 107.883 151.2344
10240.000000 107.753 -162.0898
10314.203125 107.578 -117.5078
10388.944336 107.346 -74.7070
10464.226562 107.053 -33.2012
10540.054688 106.718 7.5449
10616.432617 106.383 47.8496
10693.363281 106.109 87.2812
10770.852539 105.942 124.9102
10848.902344 105.907 160.2734
10927.517578 106.013 -166.4102
11006.703125 106.239 -134.3535
11086.461914 106.547 -102.8555
11166.798828 106.887 -72.5449
11247.718750 107.198 -45.1719
11329.223633 107.448 -22.4785
11411.320312 107.649 -5.0879
11494.011719 107.848 7.5059
11577.301758 108.059 15.8555
11661.195312 108.259 20.4629
11745.697266 108.407 21.7051
11830.811523 108.460 19.8516
11916.542969 108.397 15.2266
12002.894531 108.228 7.9961
12089.873047 107.970 -1.8652
12177.480469 107.619 -14.4258
12265.723633 107.149 -29.6367
12354.606445 106.530 -47.1035
12444.132812 105.774 -66.1699
12534.308594 104.936 -85.9824
12625.136719 104.115 -105.4785
12716.624023 103.436 -123.9121
12808.773438 102.995 -141.7285
12901.591797 102.810 -161.1074
12995.082031 102.823 175.0000
13089.250000 102.951 145.1406
13184.099609 103.113 109.4863
13279.636719 103.241 68.5957
13375.867188 103.298 23.1270
13472.793945 103.275 -26.3594
13570.422852 103.176 -79.3496
13668.759766 103.008 -135.4238
13767.809570 102.775 165.7676
13867.577148 102.497 104.3438
13968.067383 102.192 40.2148
14069.285156 101.856 -26.5859
14171.237305 101.470 -95.4258
14273.927734 101.037 -164.7656
14377.362305 100.608 127.5391
14481.546875 100.263 62.4180
14586.486328 100.084 -4.4766
14692.185547 100.100 -79.4395
14798.651367 100.254 -163.5156
14905.888672 100.445 105.2676
15013.902344 100.577 8.7539
15122.700195 100.587 -91.8750
15232.285156 100.466 164.1211
15342.664062 100.242 57.0762
15453.843750 99.958 -52.9375
15565.829102 99.649 -165.9941
15678.625000 99.327 77.8418
15792.239258 98.976 -41.4004
15906.675781 98.552 -163.4746
16021.942383 98.017 72.1094
16138.043945 97.371 -53.8809
16254.986328 96.668 179.1758
16372.777344 96.006 50.9824
16491.421875 95.485 -80.0781
16610.923828 95.158 143.9941
16731.294922 94.995 2.0391
16852.535156 94.912 -146.0117
16974.656250 94.816 60.3262
17097.662109 94.640 -98.3008
17221.558594 94.349 98.7324
17346.353516 93.931 -68.1680
17472.052734 93.388 128.6230
17598.662109 92.737 -37.9160
17726.189453 92.035 148.5078
17854.640625 91.386 -25.7598
17984.021484 90.915 158.7988
18114.341797 90.689 -20.4824
18245.605469 90.659 153.2812
18377.820312 90.684 -40.8262
18510.994141 90.626 118.0410
18645.132812 90.409 -89.0391
18780.242188 90.015 58.7305
18916.332031 89.449 -158.1152
19053.408203 88.711 -19.1504
19191.476562 87.798 116.0645
19330.546875 86.721 -112.0137
19470.623047 85.524 17.0938
19611.714844 84.298 143.7207
19753.830078 83.186 -92.3945
19896.974609 82.345 28.0332
