* Measurement data measured by REW V5.31.3
* Source: Scarlett 2i2 4th Gen, MICROPHONE, 1, volume: no control
* Format: 256k Log Swept Sine, 2 sweeps at -12.2 dBFS using a loopback as a timing reference
* Dated: May 16, 2026 9:36:12 AM
* REW Settings:
*  C-weighting compensation: Off
*  Target level: 75.0 dB
* Note: ; Delay 6.4464 ms (2.211 m, 7 ft 3.1 in)  relative to Loopback from SPEAKER R to MICROPHONE 2 with no timing offset
* Measurement: R uTV_doma_loopback May 16
* Smoothing: 1/12 octave
* Frequency Step: 1/96 octave
* Start Frequency: 20.000 Hz
*
* Freq(Hz) SPL(dB) Phase(degrees)
20.000000 84.079 -16.2479
20.144928 83.683 -17.9343
20.290907 83.126 -19.4174
20.437943 82.423 -20.1105
20.586044 81.638 -18.8795
20.735220 80.928 -13.4099
20.885475 80.551 0.4140
21.036821 80.741 23.6282
21.189262 81.509 43.3347
21.342808 82.641 51.2575
21.497467 83.887 51.0563
21.653246 85.082 46.2148
21.810154 86.149 38.4251
21.968201 87.072 28.4826
22.127390 87.857 16.7968
22.287735 88.518 3.6593
22.449242 89.072 -10.6287
22.611917 89.526 -25.6810
22.775772 89.885 -41.0169
22.940815 90.146 -56.1340
23.107054 90.301 -70.5632
23.274498 90.343 -83.9199
23.443153 90.274 -95.8262
23.613033 90.124 -105.7668
23.784142 89.974 -112.7463
23.956491 89.987 -114.5233
24.130091 90.375 -106.4166
24.304947 91.264 -85.3254
24.481071 92.581 -65.9883
24.658470 94.119 -59.5661
24.837156 95.686 -61.1477
25.017136 97.158 -66.5095
25.198421 98.477 -73.7332
25.381020 99.619 -81.9344
25.564941 100.581 -90.6594
25.750195 101.366 -99.6467
25.936790 101.980 -108.7295
26.124741 102.429 -117.7842
26.314051 102.719 -126.7108
26.504732 102.857 -135.4155
26.696796 102.850 -143.8086
26.890253 102.705 -151.7954
27.085112 102.433 -159.2805
27.281382 102.048 -166.1669
27.479073 101.568 -172.3678
27.678198 101.018 -177.8169
27.878765 100.430 177.5115
28.080786 99.835 173.5869
28.284271 99.267 170.3128
28.489231 98.746 167.5438
28.695675 98.278 165.1193
28.903616 97.853 162.9131
29.113064 97.451 160.8687
29.324028 97.050 159.0096
29.536524 96.636 157.4216
29.750557 96.209 156.2169
29.966141 95.781 155.4874
30.183289 95.376 155.2599
30.402010 95.016 155.4712
30.622314 94.720 155.9768
30.844217 94.488 156.6019
31.067726 94.305 157.2094
31.292856 94.146 157.7509
31.519617 93.988 158.2765
31.748020 93.817 158.9113
31.978081 93.633 159.8124
32.209808 93.447 161.1221
32.443211 93.283 162.9254
32.678310 93.165 165.2210
32.915108 93.117 167.9176
33.153625 93.154 170.8665
33.393871 93.279 173.9249
33.635857 93.492 177.0229
33.879597 93.796 -179.8024
34.125103 94.210 -176.4293
34.372387 94.768 -172.7444
34.621464 95.511 -168.7927
34.872345 96.458 -164.9173
35.125042 97.589 -161.7377
35.379574 98.840 -159.9091
35.635948 100.132 -159.8401
35.894180 101.390 -161.5982
36.154285 102.556 -165.0055
36.416275 103.594 -169.7704
36.680161 104.481 -175.5792
36.945961 105.206 177.8616
37.213688 105.762 170.8141
37.483353 106.150 163.5113
37.754974 106.371 156.1655
38.028561 106.428 148.9792
38.304131 106.329 142.1528
38.581699 106.082 135.8895
38.861279 105.704 130.3995
39.142883 105.216 125.9014
39.426529 104.655 122.6119
39.712231 104.073 120.7312
40.000000 103.541 120.4250
40.289856 103.155 121.8099
40.581814 103.027 124.9284
40.875885 103.262 129.6460
41.172089 103.918 135.4061
41.470440 104.957 141.0426
41.770950 106.258 145.1140
42.073643 107.668 146.6331
42.378525 109.055 145.3988
42.685616 110.329 141.7526
42.994934 111.437 136.2255
43.306492 112.347 129.3415
43.620308 113.047 121.5591
43.936401 113.533 113.2694
44.254780 113.811 104.8108
44.575470 113.893 96.4768
44.898483 113.799 88.5201
45.223835 113.558 81.1460
45.551544 113.206 74.4982
45.881630 112.788 68.6406
46.214108 112.347 63.5458
46.548996 111.919 59.1067
46.886307 111.523 55.1742
47.226067 111.168 51.6016
47.568283 110.848 48.2697
47.912983 110.559 45.0817
48.260181 110.292 41.9480
48.609894 110.035 38.7878
48.962143 109.764 35.5590
49.316940 109.448 32.3066
49.674313 109.055 29.2048
50.034271 108.561 26.5797
50.396843 107.967 24.9102
50.762039 107.308 24.7937
51.129883 106.673 26.8142
51.500389 106.201 31.1954
51.873581 106.036 37.2835
52.249481 106.245 43.4727
52.628101 106.765 48.1185
53.009464 107.453 50.4849
53.393593 108.170 50.7094
53.780506 108.820 49.3143
54.170223 109.351 46.8880
54.562763 109.746 43.9750
54.958145 110.016 41.0490
55.356396 110.197 38.4904
55.757530 110.345 36.5448
56.161572 110.524 35.2701
56.568542 110.787 34.5101
56.978462 111.161 33.9445
57.391350 111.638 33.2122
57.807232 112.186 32.0393
58.226128 112.770 30.2975
58.648056 113.359 27.9867
59.073048 113.935 25.1810
59.501114 114.490 21.9747
59.932281 115.026 18.4421
60.366577 115.546 14.6160
60.804020 116.049 10.4854
61.244629 116.529 6.0173
61.688435 116.968 1.1868
62.135452 117.347 -3.9915
62.585712 117.645 -9.4467
63.039234 117.846 -15.0496
63.496040 117.944 -20.6265
63.956161 117.944 -25.9819
64.419617 117.865 -30.9302
64.886421 117.739 -35.3346
65.356621 117.605 -39.1425
65.830215 117.507 -42.4061
66.307251 117.476 -45.2731
66.787743 117.528 -47.9467
67.271713 117.663 -50.6356
67.759193 117.866 -53.5126
68.250206 118.113 -56.6901
68.744774 118.382 -60.2126
69.242928 118.653 -64.0645
69.744690 118.918 -68.1934
70.250084 119.176 -72.5463
70.759148 119.435 -77.1010
71.271896 119.701 -81.8817
71.788361 119.978 -86.9518
72.308571 120.258 -92.3931
72.832550 120.526 -98.2783
73.360321 120.761 -104.6513
73.891922 120.937 -111.5104
74.427376 121.028 -118.8026
74.966705 121.011 -126.4265
75.509949 120.869 -134.2420
76.057121 120.589 -142.0817
76.608261 120.166 -149.7606
77.163399 119.599 -157.0843
77.722557 118.898 -163.8630
78.285767 118.076 -169.9283
78.853058 117.156 -175.1473
79.424461 116.160 -179.4177
80.000000 115.116 177.3495
80.579712 114.052 175.2328
81.163628 113.004 174.2634
81.751770 112.019 174.3584
82.344177 111.142 175.2697
82.940880 110.411 176.5912
83.541901 109.834 177.8607
84.147285 109.380 178.7513
84.757050 108.992 179.2629
85.371231 108.620 179.7963
85.989868 108.256 -178.8992
86.612984 107.965 -175.8860
87.240616 107.883 -170.4503
87.872803 108.153 -162.9677
88.509560 108.820 -155.4799
89.150940 109.777 -150.4116
89.796967 110.853 -148.7573
90.447670 111.899 -150.1563
91.103088 112.827 -153.8135
91.763260 113.592 -158.9862
92.428215 114.183 -165.0878
93.097992 114.602 -171.6657
93.772614 114.872 -178.3680
94.452133 115.029 175.0634
95.136566 115.123 168.7614
95.825966 115.209 162.6768
96.520363 115.321 156.5685
97.219788 115.451 150.1064
97.924286 115.553 143.0455
98.633881 115.565 135.3447
99.348625 115.441 127.1476
100.068542 115.168 118.6821
100.793686 114.768 110.1732
101.524078 114.296 101.8461
102.259766 113.837 94.1060
103.000778 113.511 88.1650
103.747162 113.450 88.7896
104.498962 113.739 117.5372
105.256203 114.340 170.3146
106.018929 115.103 177.4646
106.787186 115.854 171.1578
107.561012 116.467 161.2790
108.340446 116.880 150.3115
109.125526 117.081 139.2718
109.916290 117.099 128.6730
110.712791 116.983 118.7437
111.515060 116.783 109.5092
112.323143 116.537 100.8632
113.137085 116.254 92.6617
113.956924 115.920 84.8217
114.782700 115.505 77.3921
115.614464 114.983 70.5770
116.452255 114.348 64.7034
117.296112 113.626 60.1213
118.146095 112.882 57.0358
119.002228 112.209 55.3145
119.864563 111.701 54.4365
120.733154 111.408 53.7169
121.608040 111.331 52.6328
122.489258 111.439 50.9139
123.376869 111.694 48.3859
124.270905 112.046 44.8356
125.171425 112.426 40.0594
126.078468 112.750 34.0054
126.992081 112.939 26.8399
127.912323 112.931 18.9180
128.839233 112.683 10.7421
129.772842 112.174 2.9488
130.713242 111.407 -3.6741
131.660431 110.420 -8.1535
132.614502 109.298 -9.3483
133.575485 108.202 -6.3100
134.543427 107.355 0.5190
135.518387 106.965 8.2275
136.500412 107.067 13.4213
137.489548 107.506 14.9819
138.485855 108.075 13.5435
139.489380 108.626 10.0772
140.500168 109.082 5.3783
141.518295 109.413 0.0529
142.543793 109.621 -5.3885
143.576721 109.738 -10.4637
144.617142 109.836 -14.7208
145.665100 110.026 -17.8434
146.720642 110.434 -19.8923
147.783844 111.131 -21.5533
148.854752 112.079 -23.9958
149.933411 113.151 -28.2505
151.019897 114.206 -34.7433
152.114243 115.130 -43.3669
153.216522 115.839 -53.7417
154.326797 116.278 -65.3521
155.445114 116.418 -77.5931
156.571533 116.264 -89.8515
157.706116 115.854 -101.6243
158.848923 115.251 -112.6063
160.000000 114.529 -122.7099
161.159424 113.766 -132.0239
162.327255 113.032 -140.7585
163.503540 112.385 -149.2045
164.688354 111.863 -157.7004
165.881760 111.480 -166.5864
167.083801 111.223 -176.1707
168.294571 111.061 173.3018
169.514099 110.950 161.6753
170.742462 110.856 148.8628
171.979736 110.754 134.7806
173.225967 110.639 119.2690
174.481232 110.529 101.9562
175.745605 110.471 81.7375
177.019119 110.525 54.0237
178.301880 110.745 -6.6538
179.593933 111.150 -97.5118
180.895340 111.719 -133.0233
182.206177 112.410 -156.7007
183.526520 113.164 -177.2616
184.856430 113.908 163.3795
186.195984 114.560 144.5189
187.545227 115.047 125.9039
188.904266 115.318 107.5643
190.273132 115.351 89.7052
191.651932 115.155 72.5934
193.040726 114.755 56.4788
194.439575 114.194 41.5601
195.848572 113.518 27.9814
197.267761 112.787 15.8357
198.697250 112.068 5.1775
200.137085 111.447 -3.9493
201.587372 111.028 -11.5764
203.048157 110.919 -18.0594
204.519531 111.156 -24.2516
206.001556 111.655 -31.1992
207.494324 112.258 -39.5496
208.997925 112.824 -49.3257
210.512405 113.269 -60.1764
212.037857 113.562 -71.6671
213.574371 113.704 -83.4056
215.122025 113.718 -95.1082
216.680893 113.640 -106.6426
218.251053 113.490 -117.9838
219.832581 113.275 -129.1234
221.425583 112.998 -140.0048
223.030121 112.669 -150.5371
224.646286 112.322 -160.6993
226.274170 111.998 -170.6147
227.913849 111.725 179.4680
229.565399 111.493 169.2725
231.228928 111.256 158.6587
232.904510 110.957 147.7285
234.592224 110.555 136.7827
236.292191 110.035 126.2535
238.004456 109.422 116.6613
239.729126 108.818 108.3240
241.466309 108.384 100.8365
243.216080 108.250 92.9335
244.978516 108.401 83.0886
246.753738 108.694 70.4059
248.541809 108.968 54.8115
250.342850 109.108 36.6229
252.156937 109.046 16.2581
253.984161 108.753 -5.7719
255.824646 108.229 -28.7352
257.678467 107.521 -51.5732
259.545685 106.738 -73.0972
261.426483 106.063 -92.6226
263.320862 105.698 -110.3113
265.229004 105.766 -126.6914
267.150970 106.229 -142.2812
269.086853 106.924 -157.6631
271.036774 107.656 -173.3101
273.000824 108.273 170.6743
274.979095 108.682 154.5188
276.971710 108.837 138.6504
278.978760 108.727 123.6260
281.000336 108.383 110.0393
283.036591 107.884 98.2805
285.087585 107.342 88.1748
287.153442 106.845 79.0210
289.234283 106.406 70.3174
291.330200 105.983 62.3645
293.441284 105.562 55.9729
295.567688 105.190 51.5154
297.709503 104.929 48.5352
299.866821 104.802 46.7686
302.039795 104.816 46.6616
304.228485 104.986 47.5073
306.433044 105.298 46.4792
308.653595 105.678 41.6978
310.890228 106.016 33.7319
313.143066 106.216 24.0725
315.412231 106.232 14.3247
317.697845 106.097 6.2166
320.000000 105.937 1.4907
322.318848 105.932 1.0261
324.654510 106.238 3.2053
327.007080 106.896 4.7180
329.376709 107.837 3.7019
331.763519 108.926 -0.3582
334.167603 109.998 -7.6604
336.589142 110.908 -17.8838
339.028198 111.555 -30.1440
341.484924 111.897 -43.3044
343.959473 111.944 -56.2288
346.451935 111.775 -67.9875
348.962463 111.538 -78.1863
351.491211 111.411 -87.2168
354.038239 111.513 -96.0286
356.603760 111.851 -105.5024
359.187866 112.363 -115.9602
361.790680 112.996 -127.3884
364.412354 113.694 -139.9365
367.053040 114.368 -153.9885
369.712860 114.912 -169.7861
372.391968 115.231 172.8354
375.090454 115.264 154.3909
377.808533 114.980 135.6479
380.546265 114.383 117.7048
383.303864 113.526 102.3843
386.081451 112.541 95.6448
388.879150 111.637 143.5762
391.697144 111.052 -158.4529
394.535522 110.915 -163.1301
397.394501 111.139 -174.8691
400.274170 111.497 170.5740
403.174744 111.795 154.7009
406.096313 111.951 138.5293
409.039062 111.976 122.6777
412.003113 111.920 107.3599
414.988647 111.822 92.4822
417.995850 111.688 77.8872
421.024811 111.503 63.5627
424.075714 111.250 49.5867
427.148743 110.911 36.0144
430.244049 110.460 22.8660
433.361786 109.871 10.4075
436.502106 109.161 -0.7034
439.665161 108.423 -9.6980
442.851166 107.809 -16.1528
446.060242 107.455 -20.7954
449.292572 107.367 -25.7664
452.548340 107.395 -32.8496
455.827698 107.372 -41.9290
459.130798 107.226 -51.7351
462.457855 106.999 -61.3823
465.809021 106.756 -70.9951
469.184448 106.513 -81.0249
472.584381 106.253 -91.2302
476.008911 105.993 -100.7825
479.458252 105.813 -109.2444
482.932617 105.780 -117.2803
486.432159 105.864 -126.2739
489.957031 105.968 -137.0891
493.507477 106.016 -149.5315
497.083618 105.992 -163.0771
500.685699 105.910 -177.3538
504.313873 105.797 167.9331
507.968323 105.689 152.9294
511.649292 105.611 137.5525
515.356934 105.553 121.6948
519.091370 105.506 105.4973
522.852966 105.484 89.1990
526.641724 105.514 72.6958
530.458008 105.571 55.4038
534.301941 105.574 36.8491
538.173706 105.474 17.4119
542.073547 105.335 -1.5876
546.001648 105.342 -17.6509
549.958191 105.719 -25.3135
553.943420 106.564 -16.8286
557.957520 107.770 -7.2483
562.000671 109.124 -15.5742
566.073181 110.424 -34.3394
570.175171 111.521 -57.6667
574.306885 112.309 -83.1145
578.468567 112.713 -109.2678
582.660400 112.698 -134.8833
586.882568 112.276 -158.7710
591.135376 111.526 179.9463
595.419006 110.589 161.5405
599.733643 109.669 145.6001
604.079590 108.984 131.1309
608.456970 108.665 117.0403
612.866089 108.678 102.7097
617.307190 108.896 88.2703
621.780457 109.247 74.3074
626.286133 109.740 60.9849
630.824463 110.371 47.4480
635.395691 111.051 32.4829
640.000000 111.653 15.6475
644.637695 112.087 -2.6204
649.309021 112.327 -21.5535
654.014160 112.396 -40.5029
658.753418 112.329 -59.0498
663.527039 112.147 -76.8201
668.335205 111.883 -93.4360
673.178284 111.606 -108.8816
678.056396 111.372 -123.7546
682.969849 111.185 -138.7495
687.918945 111.020 -154.0044
692.903870 110.878 -169.2463
697.924927 110.786 175.8479
702.982422 110.785 161.4480
708.076477 110.902 147.3035
713.207520 111.114 132.6702
718.375732 111.349 116.8831
723.581360 111.547 99.8821
728.824707 111.686 81.8982
734.106079 111.743 62.9993
739.425720 111.658 43.3220
744.783936 111.364 23.4465
750.180908 110.834 4.4224
755.617065 110.081 -12.1294
761.092529 109.184 -24.0166
766.607727 108.313 -29.9602
772.162903 107.689 -32.9478
777.758301 107.474 -38.7644
783.394287 107.665 -49.4436
789.071045 108.117 -64.0557
794.789001 108.644 -81.4075
800.548340 109.115 -100.1396
806.349487 109.481 -118.3708
812.192627 109.746 -133.3860
818.078125 109.944 -142.1484
824.006226 110.098 -146.1667
829.977295 110.175 -153.7373
835.991699 110.089 -168.1851
842.049622 109.777 173.5920
848.151428 109.269 155.0933
854.297485 108.686 138.7024
860.488098 108.197 125.6428
866.723572 107.933 115.4653
873.004211 107.901 105.6497
879.330322 108.000 93.4780
885.702332 108.112 78.7644
892.120483 108.163 62.7463
898.585144 108.126 46.1294
905.096680 108.009 29.0806
911.655396 107.864 11.7881
918.261597 107.763 -5.5063
924.915710 107.770 -22.5913
931.618042 107.898 -39.4863
938.368896 108.090 -56.5088
945.168762 108.241 -73.8457
952.017822 108.282 -91.3545
958.916504 108.233 -109.2041
965.865234 108.153 -128.0146
972.864319 108.072 -148.0166
979.914062 107.984 -168.8560
987.014954 107.877 170.0762
994.167236 107.754 149.4795
1001.371399 107.646 130.0464
1008.627747 107.581 112.3394
1015.936646 107.568 96.4453
1023.298584 107.618 81.1851
1030.713867 107.733 64.5903
1038.182739 107.881 45.7925
1045.705933 107.995 25.1328
1053.283447 107.983 3.3838
1060.916016 107.773 -18.4619
1068.603882 107.361 -39.5029
1076.347412 106.834 -59.6177
1084.147095 106.308 -79.2817
1092.003296 105.885 -98.7915
1099.916382 105.629 -118.2212
1107.886841 105.555 -137.8740
1115.915039 105.618 -158.2236
1124.001343 105.744 -179.2710
1132.146362 105.871 159.6641
1140.350342 105.948 139.7437
1148.613770 105.938 122.2080
1156.937134 105.836 106.7930
1165.320801 105.668 91.5127
1173.765137 105.492 75.3359
1182.270752 105.375 58.2188
1190.838013 105.343 39.7812
1199.467285 105.353 19.6826
1208.159180 105.346 -1.7754
1216.913940 105.292 -23.4443
1225.732178 105.216 -44.2056
1234.614380 105.167 -63.8560
1243.560913 105.190 -83.4297
1252.572266 105.308 -104.2212
1261.648926 105.510 -126.5283
1270.791382 105.760 -149.8066
1280.000000 106.043 -173.0400
1289.275391 106.396 164.3906
1298.618042 106.848 141.6729
1308.028320 107.334 117.3750
1317.506836 107.714 91.1826
1327.054077 107.851 64.1875
1336.670410 107.693 37.9722
1346.356567 107.295 13.1958
1356.112793 106.780 -10.9102
1365.939697 106.265 -35.2886
1375.837891 105.810 -60.2681
1385.807739 105.433 -85.6914
1395.849854 105.174 -111.1851
1405.964844 105.102 -136.6948
1416.152954 105.238 -162.5557
1426.415039 105.522 170.6558
1436.751465 105.858 142.2871
1447.162720 106.165 111.9067
1457.649414 106.395 79.7085
1468.212158 106.536 46.3286
1478.851440 106.584 12.3379
1489.567871 106.509 -21.9282
1500.361816 106.263 -56.2358
1511.234131 105.840 -90.2666
1522.185059 105.311 -123.9326
1533.215454 104.784 -157.2217
1544.325806 104.347 170.4634
1555.516602 104.048 139.4497
1566.788574 103.881 107.3936
1578.142090 103.805 69.7373
1589.578003 103.782 24.0190
1601.096680 103.796 -28.1768
1612.698975 103.838 -82.4487
1624.385254 103.891 -134.6733
1636.156250 103.917 176.8535
1648.012451 103.863 132.3203
1659.954590 103.721 91.7656
1671.983398 103.571 55.1807
1684.099243 103.517 21.8818
1696.302856 103.602 -9.6133
1708.594971 103.793 -40.8652
1720.976196 104.027 -72.5742
1733.447144 104.254 -104.4985
1746.008423 104.461 -136.6724
1758.660645 104.662 -170.1401
1771.404663 104.865 154.3618
1784.240967 105.045 117.1055
1797.170288 105.134 78.9087
1810.193359 105.068 40.8838
1823.310791 104.847 4.0356
1836.523193 104.553 -31.4395
1849.831421 104.297 -66.1860
1863.236084 104.163 -100.6992
1876.737793 104.175 -134.8838
1890.337524 104.287 -168.5894
1904.035645 104.393 157.7974
1917.833008 104.383 123.3975
1931.730469 104.203 87.9546
1945.728638 103.884 52.1816
1959.828125 103.519 16.9458
1974.029907 103.207 -17.1006
1988.334473 103.022 -50.0264
2002.742798 102.996 -83.0068
2017.255493 103.106 -117.4116
2031.873291 103.268 -153.4424
2046.597168 103.375 169.6963
2061.427734 103.352 133.4575
2076.365479 103.221 99.5229
2091.411865 103.081 68.4092
2106.566895 103.009 38.5737
2121.832031 103.005 7.3018
2137.207764 103.024 -27.1670
2152.694824 103.036 -64.7949
2168.294189 103.033 -104.4443
2184.006592 103.023 -144.9048
2199.832764 103.026 174.5811
2215.773682 103.072 134.2778
2231.830078 103.197 93.9878
2248.002686 103.406 53.2378
2264.292725 103.679 11.6812
2280.700684 103.991 -30.8408
2297.227539 104.306 -74.4238
2313.874268 104.566 -118.9673
2330.641602 104.703 -164.1313
2347.530273 104.674 150.5894
2364.541504 104.494 105.5942
2381.676025 104.229 60.8457
2398.934570 103.949 16.1367
2416.318359 103.701 -28.5845
2433.827881 103.513 -73.2676
2451.464355 103.382 -118.0273
2469.228760 103.264 -163.1133
2487.121826 103.087 151.3203
2505.144531 102.808 105.2070
2523.297852 102.427 58.5137
2541.582764 101.958 11.4844
2560.000000 101.425 -35.2900
2578.550781 100.876 -80.9473
2597.236084 100.388 -124.2393
2616.056641 100.044 -162.5459
2635.013672 99.893 167.8848
2654.108154 99.916 143.4648
2673.340820 100.016 111.8350
2692.713135 100.068 71.5605
2712.225586 100.002 27.3164
2731.879395 99.839 -17.3438
2751.675781 99.683 -61.0381
2771.615479 99.653 -104.8701
2791.699707 99.799 -150.7959
2811.929688 100.079 160.3936
2832.305908 100.403 109.1465
2852.830078 100.688 56.4121
2873.502930 100.885 3.0674
2894.325439 100.991 -50.2285
2915.298828 101.025 -102.8867
2936.424316 101.011 -154.0361
2957.702881 100.985 157.3633
2979.135742 100.987 112.0420
3000.723633 101.045 69.7803
3022.468262 101.174 27.8633
3044.370117 101.386 -17.1826
3066.430908 101.671 -66.2129
3088.651611 101.994 -118.5205
3111.033203 102.315 -173.1299
3133.577148 102.622 130.8525
3156.284180 102.913 73.9160
3179.156006 103.171 16.2793
3202.193359 103.368 -41.9014
3225.397949 103.490 -100.5098
3248.770508 103.539 -159.3740
3272.312500 103.535 141.7451
3296.024902 103.488 82.9512
3319.909180 103.399 24.3057
3343.966797 103.279 -33.9463
3368.198486 103.151 -91.5156
3392.605713 103.025 -148.2969
3417.189941 102.911 155.2285
3441.952393 102.839 97.9355
3466.894287 102.837 39.0820
3492.016846 102.915 -21.1992
3517.321289 103.065 -82.3799
3542.809326 103.283 -144.1094
3568.481934 103.558 153.5020
3594.340576 103.849 90.1631
3620.386719 104.092 25.7373
3646.621582 104.227 -39.5654
3673.046387 104.232 -105.3369
3699.662842 104.107 -171.2266
3726.472168 103.875 123.2500
3753.475586 103.605 59.0381
3780.675049 103.389 -2.2480
3808.071289 103.298 -58.1836
3835.666016 103.359 -108.0449
3863.460938 103.562 -157.2061
3891.457275 103.847 148.3213
3919.656250 104.144 89.0381
3948.059814 104.426 27.2812
3976.668945 104.694 -36.4541
4005.485596 104.933 -102.7266
4034.510986 105.095 -171.7559
4063.746582 105.138 117.1963
4093.194336 105.039 45.1230
4122.855469 104.803 -26.9971
4152.730957 104.498 -98.5830
4182.823730 104.222 -169.6855
4213.133789 104.048 119.2783
4243.664062 103.989 48.0889
4274.415527 104.028 -23.0781
4305.389648 104.133 -94.1914
4336.588379 104.281 -165.8496
4368.013184 104.463 120.8789
4399.665527 104.672 45.3789
4431.547363 104.869 -32.2119
4463.660156 105.008 -111.3389
4496.005371 105.058 168.5508
4528.585449 105.021 87.8174
4561.401367 104.919 6.6318
4594.455078 104.776 -74.9102
4627.748535 104.607 -156.7412
4661.283203 104.415 121.1621
4695.060547 104.201 38.7266
4729.083008 103.958 -44.1250
4763.352051 103.674 -127.4463
4797.869141 103.351 148.8486
4832.636719 103.022 65.2490
4867.655762 102.724 -16.4678
4902.928711 102.481 -90.8936
4938.457520 102.307 -145.6826
4974.243652 102.235 167.4697
5010.289062 102.307 97.3301
5046.595703 102.523 14.5088
5083.165527 102.839 -73.1074
5120.000000 103.209 -162.7256
5157.101562 103.606 106.6992
5194.472168 104.010 15.5234
5232.113281 104.403 -76.1309
5270.027344 104.763 -168.3379
5308.216309 105.054 98.7822
5346.681641 105.245 5.2578
5385.426270 105.330 -88.7881
5424.451172 105.315 176.6416
5463.758789 105.209 81.5107
5503.351562 105.032 -14.0811
5543.230957 104.822 -109.9932
5583.399414 104.623 153.8184
5623.859375 104.470 57.2725
5664.611816 104.381 -39.7871
5705.660156 104.350 -137.6758
5747.005859 104.346 123.3105
5788.650879 104.328 23.0869
5830.597656 104.263 -78.3594
5872.848633 104.127 179.0732
5915.405762 103.926 75.6465
5958.271484 103.693 -28.2676
6001.447266 103.479 -131.6289
6044.936523 103.354 129.3555
6088.740234 103.379 50.0820
6132.861816 103.570 3.4395
6177.303223 103.898 -81.5781
6222.066406 104.321 174.6816
6267.154297 104.798 65.9648
6312.568359 105.279 -44.7520
6358.312012 105.706 -156.6621
6404.386719 106.018 90.4414
6450.795898 106.176 -23.1797
6497.541016 106.197 -137.1895
6544.625000 106.151 108.7285
6592.049805 106.132 -5.4473
6639.818359 106.198 -120.2617
6687.933594 106.334 123.5332
6736.396973 106.474 5.6035
6785.211426 106.543 -113.7656
6834.379883 106.495 126.2090
6883.904785 106.336 6.6055
6933.788574 106.140 -111.6680
6984.033691 106.009 131.5586
7034.642578 106.001 16.0605
7085.618652 106.128 -97.3730
7136.963867 106.394 155.7109
7188.681152 106.790 59.6543
7240.773438 107.255 -40.7598
7293.243164 107.676 -156.8906
7346.092773 107.951 77.8848
7399.325684 108.034 -50.8164
7452.944336 107.932 179.8105
7506.951172 107.675 50.9062
7561.350098 107.324 -77.8535
7616.142578 106.951 152.5684
7671.332031 106.622 21.7637
7726.921875 106.379 -110.0898
7782.914551 106.254 117.0488
7839.312500 106.244 -17.2930
7896.119629 106.284 -153.5469
7953.337891 106.274 68.5449
8010.971191 106.148 -69.8184
8069.021973 105.919 153.8125
8127.493164 105.681 23.9453
8186.388672 105.565 -94.0078
8245.710938 105.677 152.1523
8305.461914 106.036 26.5039
8365.647461 106.570 -109.6543
8426.267578 107.171 108.0859
8487.328125 107.742 -38.0840
8548.831055 108.197 173.0527
8610.779297 108.478 22.4453
8673.176758 108.562 -129.0547
8736.026367 108.475 79.2188
8799.331055 108.276 -72.5371
8863.094727 108.014 135.4121
8927.320312 107.714 -17.2852
8992.010742 107.380 -170.4355
9057.170898 107.034 36.7422
9122.802734 106.722 -114.7988
9188.910156 106.490 95.5195
9255.497070 106.364 -52.3242
9322.566406 106.359 160.5176
9390.121094 106.477 11.7012
9458.166016 106.711 -140.6562
9526.704102 107.039 62.7695
9595.738281 107.423 -97.8203
9665.273438 107.807 98.1895
9735.311523 108.134 -68.5430
9805.857422 108.350 122.5254
9876.915039 108.418 -48.1074
9948.487305 108.329 140.0879
10020.578125 108.106 -32.2695
10093.191406 107.810 155.4648
10166.331055 107.522 -15.9941
10240.000000 107.323 174.2734
10314.203125 107.278 7.1230
10388.944336 107.417 -158.0938
10464.226562 107.709 35.2793
10540.054688 108.076 -136.1699
10616.432617 108.441 54.2480
10693.363281 108.752 -120.1836
10770.852539 108.972 56.7734
10848.902344 109.073 -128.5254
10927.517578 109.047 44.8008
11006.703125 108.909 -142.4414
11086.461914 108.677 30.1309
11166.798828 108.370 -157.5312
11247.718750 108.002 14.7051
11329.223633 107.588 -172.7812
11411.320312 107.142 0.3945
11494.011719 106.699 174.2734
11577.301758 106.338 -11.8672
11661.195312 106.150 159.8945
11745.697266 106.175 -32.6992
11830.811523 106.369 129.7871
11916.542969 106.651 -71.9219
12002.894531 106.941 83.0391
12089.873047 107.164 -124.6816
12177.480469 107.239 25.4961
12265.723633 107.110 174.2852
12354.606445 106.774 -37.4219
12444.132812 106.291 111.6074
12534.308594 105.779 -96.8027
12625.136719 105.396 59.0293
12716.624023 105.283 -142.5078
12808.773438 105.474 12.4590
12901.591797 105.869 160.1699
12995.082031 106.309 -58.6621
13089.250000 106.662 77.7656
13184.099609 106.841 -149.1074
13279.636719 106.800 -18.2637
13375.867188 106.529 111.0664
13472.793945 106.053 -120.4238
13570.422852 105.425 8.0801
13668.759766 104.740 137.5000
13767.809570 104.123 -91.5000
13867.577148 103.714 40.5234
13968.067383 103.587 171.1426
14069.285156 103.695 -62.3223
14171.237305 103.898 59.2793
14273.927734 104.049 176.5547
14377.362305 104.039 -69.5176
14481.546875 103.814 42.0273
14586.486328 103.370 152.1445
14692.185547 102.755 -98.0625
14798.651367 102.050 12.8438
14905.888672 101.361 126.5156
15013.902344 100.809 -116.8516
15122.700195 100.468 -1.2559
15232.285156 100.304 108.4258
15342.664062 100.212 -148.4688
15453.843750 100.082 -50.3027
15565.829102 99.841 44.5547
15678.625000 99.468 137.5547
15792.239258 99.004 -129.7461
15906.675781 98.540 -35.6016
16021.942383 98.185 61.2832
16138.043945 97.996 159.5137
16254.986328 97.927 -105.7676
16372.777344 97.856 -17.7461
16491.421875 97.682 64.4609
16610.923828 97.362 142.9258
16731.294922 96.903 -140.5332
16852.535156 96.350 -64.3203
16974.656250 95.783 12.7969
17097.662109 95.292 90.5781
17221.558594 94.936 166.6133
17346.353516 94.709 -121.6797
17472.052734 94.533 -54.9785
17598.662109 94.292 7.4590
17726.189453 93.895 67.0137
17854.640625 93.331 125.3105
17984.021484 92.665 -176.0820
18114.341797 91.992 -116.3125
18245.605469 91.389 -56.6895
18377.820312 90.876 -0.4258
18510.994141 90.418 50.4922
18645.132812 89.946 96.3281
18780.242188 89.391 138.1621
18916.332031 88.725 177.0000
19053.408203 87.956 -146.3457
19191.476562 87.113 -111.3418
19330.546875 86.233 -78.0293
19470.623047 85.371 -47.2168
19611.714844 84.587 -19.8223
19753.830078 83.936 4.2246
19896.974609 83.468 26.2227
