RT60 data saved by REW V5.31.3
Source: Scarlett 2i2 4th Gen, MICROPHONE, 1, volume: no control
Dated: May 16, 2026 9:43:07 AM
Measurement: L+R uTV_doma_loopback May 16
Sweep level: -12.2 dBFS
Response measured over: 0.4 to 19,999.9 Hz
Peak value: 0.022013726 at index 48000
Response length: 131072 samples
Sample interval: 2.0833333333333333E-5 seconds
Start time: -0.9949193533916443 seconds

Format is freq (Hz), BW (octaves), EDT (s), r, T20 (s), r, T30 (s), r, Topt (s), r, ToptStart (dB), ToptEnd (dB), T60M (s), reverse/forward/zero phase filtered, C50 (dB), C80 (dB), D50 (%), TS (s)

50 1/3 0.840 -0.967 0.868 -0.988 0.942 -0.995 0.978 -0.996 -5.000 -44.000 0.000 Forward 8.85 9.06 88.5 0.084
63 1/3 0.656 -0.872 0.670 -0.881 0.639 -0.967 0.602 -0.992 -5.000 -57.000 0.000 Forward 11.07 20.08 92.8 0.070
80 1/3 0.748 -0.947 0.546 -0.994 0.506 -0.995 0.526 -0.996 -5.000 -31.000 0.000 Forward 3.86 10.37 70.9 0.077
100 1/3 0.846 -0.982 0.538 -0.980 0.522 -0.987 0.616 -0.991 -5.000 -20.000 0.000 Forward 1.29 5.75 57.4 0.078
125 1/3 0.477 -0.978 0.660 -0.968 0.477 -0.974 0.632 -0.988 -5.000 -60.000 0.000 Forward 7.36 10.89 84.5 0.048
160 1/3 0.598 -0.982 0.580 -0.996 0.533 -0.995 0.533 -0.997 -5.000 -60.000 0.000 Forward 4.70 8.20 74.7 0.061
200 1/3 0.435 -0.970 0.486 -0.936 0.510 -0.977 0.584 -0.992 -5.000 -60.000 0.000 Forward 7.07 16.11 83.6 0.044
250 1/3 0.458 -0.943 0.666 -0.985 0.609 -0.994 0.696 -0.997 -5.000 -59.000 0.000 Forward 7.72 9.63 85.6 0.041
315 1/3 0.412 -0.978 0.713 -0.996 0.626 -0.995 0.634 -0.998 -5.000 -56.000 0.000 Forward 7.30 10.13 84.3 0.038
400 1/3 0.743 -0.913 0.553 -0.974 0.602 -0.991 0.651 -0.997 -5.000 -60.000 0.000 Forward 2.86 12.77 65.9 0.037
500 1/3 0.364 -0.991 0.616 -0.991 0.611 -0.995 0.655 -0.998 -5.000 -56.000 0.000 Forward 8.53 11.70 87.7 0.029
630 1/3 0.320 -0.950 0.615 -0.990 0.631 -0.993 0.703 -0.997 -5.000 -60.000 0.000 Forward 10.81 14.05 92.3 0.022
800 1/3 0.516 -0.982 0.650 -0.986 0.610 -0.996 0.703 -0.997 -5.000 -60.000 0.000 Forward 6.42 10.48 81.4 0.030
1000 1/3 0.819 -0.924 0.686 -0.994 0.652 -0.996 0.651 -0.998 -5.000 -45.000 0.000 Forward 7.04 9.08 83.5 0.026
1250 1/3 0.417 -0.940 0.670 -0.997 0.617 -0.997 0.639 -0.998 -5.000 -43.000 0.000 Forward 9.33 11.79 89.5 0.020
1600 1/3 0.465 -0.982 0.612 -0.997 0.645 -0.998 0.660 -0.999 -5.000 -48.000 0.000 Forward 7.17 10.54 83.9 0.027
2000 1/3 0.561 -0.992 0.522 -0.995 0.586 -0.996 0.645 -0.997 -5.000 -52.000 0.000 Forward 5.98 9.80 79.9 0.032
2500 1/3 0.511 -0.974 0.558 -0.998 0.573 -0.999 0.583 -0.999 -5.000 -41.000 0.000 Forward 7.81 11.87 85.8 0.023
3150 1/3 0.456 -0.961 0.582 -0.998 0.581 -0.999 0.587 -1.000 -5.000 -41.000 0.000 Forward 8.80 12.22 88.3 0.018
4000 1/3 0.485 -0.964 0.535 -0.999 0.576 -0.998 0.539 -0.999 -5.000 -27.000 0.000 Forward 9.02 12.77 88.9 0.016
5000 1/3 0.441 -0.980 0.516 -0.999 0.550 -0.999 0.522 -0.999 -5.000 -27.000 0.000 Forward 9.00 12.47 88.8 0.019
6300 1/3 0.404 -0.973 0.484 -1.000 0.503 -1.000 0.485 -1.000 -5.000 -26.000 0.000 Forward 9.58 13.34 90.1 0.017
8000 1/3 0.431 -0.967 0.471 -0.998 0.478 -0.999 0.480 -1.000 -5.000 -47.000 0.000 Forward 10.49 15.02 91.8 0.014
10000 1/3 0.380 -0.854 0.358 -0.996 0.391 -0.997 0.414 -0.999 -5.000 -54.000 0.000 Forward 13.95 18.82 96.1 0.008

full 1/3 0.362 -0.968 0.490 -0.997 0.525 -0.998 0.540 -0.998 -5.000 -40.000 0.000 Forward 11.45 15.67 93.3 0.012

