RT60 data saved by REW V5.31.3
Source: Scarlett 2i2 4th Gen, MICROPHONE, 1, volume: no control
Dated: May 16, 2026 9:45:21 AM
Measurement: L+R stred_obyvaku_doma_loopback May 16
Sweep level: -12.2 dBFS
Response measured over: 0.4 to 19,999.9 Hz
Peak value: 0.014042649 at index 48000
Response length: 131072 samples
Sample interval: 2.0833333333333333E-5 seconds
Start time: -0.993542069296577 seconds

Format is freq (Hz), BW (octaves), EDT (s), r, T20 (s), r, T30 (s), r, Topt (s), r, ToptStart (dB), ToptEnd (dB), T60M (s), reverse/forward/zero phase filtered, C50 (dB), C80 (dB), D50 (%), TS (s)

50 1/3 1.051 -0.956 0.703 -0.985 0.000 0.000 0.565 -0.995 -5.000 -20.000 0.000 Forward 1.84 5.44 60.4 0.109
63 1/3 0.682 -0.956 0.641 -0.995 0.615 -0.997 0.612 -0.997 -5.000 -36.000 0.000 Forward 6.48 9.43 81.6 0.085
80 1/3 0.753 -0.960 0.699 -0.987 0.562 -0.982 0.602 -0.991 -5.000 -47.000 0.000 Forward 3.15 7.81 67.4 0.090
100 1/3 0.879 -0.988 0.487 -0.958 0.548 -0.979 0.506 -0.983 -5.000 -34.000 0.000 Forward 0.60 5.91 53.5 0.085
125 1/3 0.633 -0.974 0.570 -0.984 0.463 -0.982 0.491 -0.988 -5.000 -40.000 0.000 Forward 4.39 8.71 73.3 0.054
160 1/3 0.678 -0.986 0.515 -0.986 0.520 -0.993 0.509 -0.996 -5.000 -43.000 0.000 Forward 4.62 7.22 74.3 0.064
200 1/3 0.802 -0.991 0.700 -0.997 0.647 -0.993 0.700 -0.997 -5.000 -25.000 0.000 Forward 1.98 6.09 61.2 0.066
250 1/3 0.473 -0.979 0.616 -0.989 0.627 -0.996 0.616 -0.998 -5.000 -60.000 0.000 Forward 6.73 9.51 82.5 0.045
315 1/3 0.465 -0.967 0.640 -0.994 0.585 -0.996 0.613 -0.998 -5.000 -58.000 0.000 Forward 6.19 9.47 80.6 0.050
400 1/3 0.553 -0.982 0.741 -0.981 0.691 -0.992 0.659 -0.997 -5.000 -60.000 0.000 Forward 6.33 10.64 81.1 0.035
500 1/3 0.553 -0.991 0.656 -0.988 0.671 -0.995 0.660 -0.997 -5.000 -60.000 0.000 Forward 6.41 9.42 81.4 0.035
630 1/3 0.659 -0.991 0.657 -0.979 0.683 -0.992 0.698 -0.998 -5.000 -60.000 0.000 Forward 4.06 7.00 71.8 0.046
800 1/3 0.608 -0.995 0.619 -0.994 0.641 -0.998 0.689 -0.999 -5.000 -55.000 0.000 Forward 4.26 8.27 72.7 0.040
1000 1/3 0.577 -0.985 0.692 -0.998 0.686 -0.997 0.719 -0.999 -5.000 -57.000 0.000 Forward 6.53 9.06 81.8 0.033
1250 1/3 0.402 -0.988 0.693 -0.997 0.689 -0.999 0.707 -1.000 -5.000 -59.000 0.000 Forward 7.49 10.70 84.9 0.033
1600 1/3 0.435 -0.986 0.569 -0.995 0.630 -0.995 0.700 -0.998 -5.000 -59.000 0.000 Forward 6.64 10.35 82.2 0.036
2000 1/3 0.553 -0.996 0.609 -0.997 0.624 -0.997 0.594 -0.998 -5.000 -32.000 0.000 Forward 5.80 9.26 79.2 0.033
2500 1/3 0.586 -0.993 0.570 -0.996 0.603 -0.998 0.642 -0.998 -5.000 -48.000 0.000 Forward 5.78 9.10 79.1 0.032
3150 1/3 0.619 -0.988 0.582 -0.996 0.592 -0.998 0.615 -0.999 -5.000 -46.000 0.000 Forward 6.14 8.79 80.4 0.029
4000 1/3 0.498 -0.992 0.559 -0.999 0.582 -0.999 0.591 -0.999 -5.000 -42.000 0.000 Forward 7.15 10.96 83.8 0.024
5000 1/3 0.478 -0.992 0.578 -0.999 0.563 -0.999 0.565 -0.999 -5.000 -36.000 0.000 Forward 7.37 11.19 84.5 0.024
6300 1/3 0.444 -0.992 0.505 -0.998 0.532 -0.999 0.543 -0.999 -5.000 -45.000 0.000 Forward 7.99 12.73 86.3 0.023
8000 1/3 0.368 -0.975 0.443 -1.000 0.457 -0.999 0.441 -1.000 -5.000 -27.000 0.000 Forward 9.89 14.04 90.7 0.016
10000 1/3 0.342 -0.976 0.412 -0.999 0.404 -0.999 0.407 -1.000 -5.000 -45.000 0.000 Forward 11.12 15.82 92.8 0.012

full 1/3 0.398 -0.993 0.510 -0.999 0.549 -0.998 0.501 -0.999 -5.000 -24.000 0.000 Forward 9.53 13.38 90.0 0.017

