RT60 data saved by REW V5.31.3
Source: Scarlett 2i2 4th Gen, MICROPHONE, 1, volume: no control
Dated: May 16, 2026 9:44:05 AM
Measurement: L+R sedacka_doma_loopback May 16
Sweep level: -12.2 dBFS
Response measured over: 0.4 to 19,999.9 Hz
Peak value: 0.01150217 at index 48000
Response length: 131072 samples
Sample interval: 2.0833333333333333E-5 seconds
Start time: -0.9895523182633327 seconds

Format is freq (Hz), BW (octaves), EDT (s), r, T20 (s), r, T30 (s), r, Topt (s), r, ToptStart (dB), ToptEnd (dB), T60M (s), reverse/forward/zero phase filtered, C50 (dB), C80 (dB), D50 (%), TS (s)

50 1/3 1.066 -0.972 1.012 -0.999 1.037 -1.000 1.017 -1.000 -5.000 -30.000 0.000 Forward 2.45 6.23 63.8 0.123
63 1/3 0.895 -0.891 0.522 -0.976 0.568 -0.985 0.496 -0.992 -5.000 -49.000 0.000 Forward 0.05 7.19 50.3 0.110
80 1/3 1.211 -0.957 0.720 -0.971 0.719 -0.987 0.750 -0.991 -5.000 -45.000 0.000 Forward 4.16 5.28 72.3 0.081
100 1/3 0.850 -0.932 0.651 -0.957 0.649 -0.983 0.658 -0.992 -5.000 -47.000 0.000 Forward 7.11 8.03 83.7 0.064
125 1/3 0.550 -0.982 0.507 -0.984 0.506 -0.994 0.503 -0.995 -5.000 -37.000 0.000 Forward 5.18 10.63 76.7 0.058
160 1/3 0.435 -0.972 0.706 -0.980 0.676 -0.994 0.650 -0.998 -5.000 -57.000 0.000 Forward 7.98 9.50 86.3 0.048
200 1/3 0.647 -0.989 0.568 -0.979 0.687 -0.986 0.701 -0.996 -5.000 -51.000 0.000 Forward 3.26 7.12 68.0 0.057
250 1/3 0.576 -0.976 0.644 -0.976 0.646 -0.986 0.758 -0.994 -5.000 -55.000 0.000 Forward 3.33 6.47 68.3 0.061
315 1/3 0.590 -0.967 0.591 -0.984 0.669 -0.992 0.662 -0.997 -5.000 -51.000 0.000 Forward 1.45 7.50 58.3 0.064
400 1/3 0.665 -0.992 0.586 -0.996 0.609 -0.997 0.631 -0.999 -5.000 -56.000 0.000 Forward 3.51 6.45 69.2 0.056
500 1/3 0.459 -0.985 0.613 -0.993 0.657 -0.996 0.636 -0.999 -5.000 -60.000 0.000 Forward 6.27 11.12 80.9 0.040
630 1/3 0.408 -0.991 0.695 -0.992 0.654 -0.997 0.721 -0.999 -5.000 -60.000 0.000 Forward 7.95 11.20 86.2 0.032
800 1/3 0.531 -0.989 0.650 -0.993 0.645 -0.996 0.679 -0.998 -5.000 -54.000 0.000 Forward 5.47 9.45 77.9 0.034
1000 1/3 0.663 -0.958 0.634 -0.996 0.688 -0.996 0.697 -0.999 -5.000 -54.000 0.000 Forward 6.08 8.68 80.2 0.030
1250 1/3 0.379 -0.991 0.672 -0.998 0.701 -0.999 0.735 -0.999 -5.000 -53.000 0.000 Forward 8.36 11.00 87.3 0.028
1600 1/3 0.436 -0.985 0.650 -0.995 0.657 -0.998 0.668 -0.999 -5.000 -50.000 0.000 Forward 7.46 11.06 84.8 0.031
2000 1/3 0.521 -0.984 0.604 -0.998 0.623 -0.999 0.620 -0.999 -5.000 -40.000 0.000 Forward 5.90 9.84 79.6 0.030
2500 1/3 0.558 -0.996 0.592 -0.998 0.621 -0.999 0.636 -0.999 -5.000 -52.000 0.000 Forward 5.58 8.52 78.3 0.036
3150 1/3 0.563 -0.991 0.572 -0.998 0.610 -0.998 0.632 -0.999 -5.000 -47.000 0.000 Forward 6.21 9.43 80.7 0.028
4000 1/3 0.490 -0.990 0.592 -0.999 0.599 -0.999 0.600 -1.000 -5.000 -44.000 0.000 Forward 7.35 11.11 84.5 0.024
5000 1/3 0.485 -0.987 0.573 -0.999 0.562 -0.999 0.575 -1.000 -5.000 -45.000 0.000 Forward 7.79 10.83 85.7 0.023
6300 1/3 0.440 -0.995 0.489 -0.999 0.511 -0.999 0.494 -1.000 -5.000 -29.000 0.000 Forward 7.35 11.54 84.4 0.025
8000 1/3 0.341 -0.987 0.452 -0.998 0.451 -0.999 0.452 -0.999 -5.000 -36.000 0.000 Forward 9.60 13.59 90.1 0.018
10000 1/3 0.337 -0.928 0.376 -0.997 0.391 -0.999 0.404 -0.999 -5.000 -50.000 0.000 Forward 12.02 16.45 94.1 0.012

full 1/3 0.373 -0.987 0.549 -0.997 0.630 -0.994 0.560 -0.998 -5.000 -28.000 0.000 Forward 9.94 13.53 90.8 0.017

