RT60 data saved by REW V5.31.3
Source: Scarlett 2i2 4th Gen, MICROPHONE, 1, volume: no control
Dated: May 16, 2026 9:36:47 AM
Measurement: L uTV_doma_loopback May 16
Sweep level: -12.2 dBFS
Response measured over: 0.4 to 19,999.9 Hz
Peak value: 0.022940483 at index 48000
Response length: 131072 samples
Sample interval: 2.0833333333333333E-5 seconds
Start time: -0.9954202365562381 seconds

Format is freq (Hz), BW (octaves), EDT (s), r, T20 (s), r, T30 (s), r, Topt (s), r, ToptStart (dB), ToptEnd (dB), T60M (s), reverse/forward/zero phase filtered, C50 (dB), C80 (dB), D50 (%), TS (s)

50 1/3 0.954 -0.984 0.802 -0.969 0.910 -0.983 0.906 -0.991 -5.000 -46.000 0.000 Forward 4.08 6.09 71.9 0.100
63 1/3 0.600 -0.947 0.386 -0.999 0.501 -0.989 0.386 -0.999 -5.000 -25.000 0.000 Forward 8.02 12.18 86.4 0.068
80 1/3 0.412 -0.940 0.719 -0.984 0.947 -0.975 0.719 -0.992 -14.000 -30.000 0.000 Forward 11.29 14.64 93.1 0.051
100 1/3 0.484 -0.970 0.697 -0.986 0.663 -0.994 0.671 -0.997 -5.000 -50.000 0.000 Forward 8.35 10.21 87.2 0.055
125 1/3 0.468 -0.983 0.612 -0.993 0.520 -0.992 0.594 -0.995 -5.000 -57.000 0.000 Forward 7.15 11.64 83.8 0.046
160 1/3 0.649 -0.982 0.484 -0.990 0.495 -0.991 0.458 -0.996 -5.000 -59.000 0.000 Forward 3.49 7.41 69.1 0.065
200 1/3 0.327 -0.970 0.516 -0.985 0.584 -0.990 0.615 -0.996 -5.000 -48.000 0.000 Forward 10.06 13.58 91.0 0.038
250 1/3 0.590 -0.970 0.602 -0.990 0.595 -0.993 0.701 -0.996 -5.000 -60.000 0.000 Forward 4.79 9.44 75.1 0.044
315 1/3 0.288 -0.938 0.470 -0.993 0.517 -0.994 0.483 -0.997 -5.000 -32.000 0.000 Forward 10.05 12.90 91.0 0.022
400 1/3 0.307 -0.851 0.673 -0.988 0.703 -0.994 0.679 -0.998 -10.000 -60.000 0.000 Forward 10.35 14.99 91.5 0.020
500 1/3 0.581 -0.965 0.608 -0.993 0.607 -0.997 0.677 -0.998 -5.000 -60.000 0.000 Forward 7.16 9.15 83.9 0.032
630 1/3 0.625 -0.918 0.637 -0.989 0.622 -0.995 0.646 -0.998 -5.000 -59.000 0.000 Forward 7.70 9.78 85.5 0.026
800 1/3 0.541 -0.933 0.602 -0.990 0.654 -0.994 0.718 -0.997 -5.000 -60.000 0.000 Forward 7.24 11.15 84.1 0.023
1000 1/3 0.486 -0.906 0.654 -0.998 0.699 -0.997 0.735 -0.999 -5.000 -60.000 0.000 Forward 8.97 12.30 88.8 0.019
1250 1/3 0.435 -0.990 0.654 -0.988 0.617 -0.996 0.660 -0.998 -5.000 -49.000 0.000 Forward 7.76 13.17 85.7 0.025
1600 1/3 0.447 -0.985 0.636 -0.998 0.641 -0.999 0.641 -0.999 -5.000 -41.000 0.000 Forward 7.25 10.96 84.2 0.027
2000 1/3 0.443 -0.985 0.572 -0.997 0.582 -0.998 0.571 -0.998 -5.000 -33.000 0.000 Forward 8.12 11.05 86.6 0.024
2500 1/3 0.534 -0.973 0.564 -0.993 0.592 -0.997 0.630 -0.998 -5.000 -51.000 0.000 Forward 7.88 11.06 86.0 0.021
3150 1/3 0.547 -0.905 0.567 -0.999 0.598 -0.999 0.603 -0.999 -5.000 -44.000 0.000 Forward 9.98 12.90 90.9 0.014
4000 1/3 0.441 -0.868 0.585 -0.998 0.579 -0.999 0.584 -0.999 -5.000 -39.000 0.000 Forward 11.55 14.41 93.5 0.011
5000 1/3 0.582 -0.948 0.519 -0.999 0.538 -0.999 0.530 -0.999 -5.000 -32.000 0.000 Forward 9.13 13.61 89.1 0.015
6300 1/3 0.484 -0.960 0.504 -0.999 0.508 -1.000 0.508 -1.000 -5.000 -35.000 0.000 Forward 10.09 14.10 91.1 0.014
8000 1/3 0.440 -0.907 0.468 -0.999 0.456 -1.000 0.464 -1.000 -5.000 -42.000 0.000 Forward 11.55 15.88 93.5 0.010
10000 1/3 0.270 -0.517 0.387 -0.996 0.386 -0.999 0.413 -0.999 -5.000 -57.000 0.000 Forward 14.75 19.56 96.8 0.005

full 1/3 0.517 -0.845 0.491 -0.999 0.529 -0.998 0.506 -0.999 -5.000 -30.000 0.000 Forward 12.97 16.94 95.2 0.007

