RT60 data saved by REW V5.31.3
Source: Scarlett 2i2 4th Gen, MICROPHONE, 1, volume: no control
Dated: May 16, 2026 9:35:22 AM
Measurement: R sedacka_doma_loopback May 16
Sweep level: -12.2 dBFS
Response measured over: 0.4 to 19,999.9 Hz
Peak value: 0.0067885206 at index 48000
Response length: 131072 samples
Sample interval: 2.0833333333333333E-5 seconds
Start time: -0.9883762388919975 seconds

Format is freq (Hz), BW (octaves), EDT (s), r, T20 (s), r, T30 (s), r, Topt (s), r, ToptStart (dB), ToptEnd (dB), T60M (s), reverse/forward/zero phase filtered, C50 (dB), C80 (dB), D50 (%), TS (s)

50 1/3 1.176 -0.975 1.068 -0.995 1.191 -0.995 1.188 -0.997 -5.000 -43.000 0.000 Forward 4.17 5.87 72.3 0.119
63 1/3 0.818 -0.859 0.545 -0.959 0.695 -0.981 0.682 -0.986 -5.000 -46.000 0.000 Forward 4.17 11.88 72.3 0.095
80 1/3 0.712 -0.843 0.580 -0.965 0.905 -0.959 0.844 -0.983 -5.000 -51.000 0.000 Forward 7.17 15.85 83.9 0.074
100 1/3 0.788 -0.980 0.647 -0.994 0.722 -0.989 0.637 -0.996 -5.000 -23.000 0.000 Forward 1.75 6.37 60.0 0.082
125 1/3 0.546 -0.957 0.589 -0.989 0.607 -0.995 0.594 -0.998 -5.000 -52.000 0.000 Forward 5.73 9.73 78.9 0.049
160 1/3 0.515 -0.964 0.476 -0.985 0.485 -0.986 0.565 -0.991 -5.000 -56.000 0.000 Forward 5.40 11.18 77.6 0.054
200 1/3 0.601 -0.987 0.385 -0.997 0.559 -0.981 0.385 -0.997 -5.000 -25.000 0.000 Forward 3.42 10.01 68.8 0.054
250 1/3 0.710 -0.974 0.588 -0.993 0.705 -0.981 0.709 -0.994 -5.000 -47.000 0.000 Forward 0.65 4.28 53.7 0.073
315 1/3 0.604 -0.975 0.658 -0.989 0.648 -0.994 0.632 -0.997 -5.000 -52.000 0.000 Forward 2.93 6.64 66.2 0.065
400 1/3 0.746 -0.969 0.691 -0.988 0.683 -0.996 0.655 -0.997 -5.000 -55.000 0.000 Forward 5.43 6.17 77.7 0.051
500 1/3 0.388 -0.991 0.587 -0.991 0.643 -0.993 0.702 -0.996 -5.000 -49.000 0.000 Forward 7.80 11.49 85.8 0.032
630 1/3 0.535 -0.967 0.678 -0.997 0.672 -0.999 0.672 -0.999 -5.000 -35.000 0.000 Forward 6.45 9.56 81.5 0.031
800 1/3 0.679 -0.994 0.642 -0.995 0.662 -0.996 0.679 -0.998 -5.000 -47.000 0.000 Forward 2.52 5.52 64.1 0.054
1000 1/3 0.717 -0.988 0.650 -0.996 0.657 -0.998 0.673 -0.999 -5.000 -49.000 0.000 Forward 4.83 6.71 75.3 0.043
1250 1/3 0.460 -0.987 0.637 -0.995 0.714 -0.996 0.759 -0.998 -5.000 -49.000 0.000 Forward 6.83 10.35 82.8 0.032
1600 1/3 0.476 -0.971 0.623 -0.992 0.641 -0.996 0.681 -0.998 -5.000 -51.000 0.000 Forward 7.29 11.02 84.3 0.027
2000 1/3 0.612 -0.972 0.577 -0.997 0.608 -0.998 0.643 -0.998 -5.000 -49.000 0.000 Forward 6.38 9.56 81.3 0.027
2500 1/3 0.600 -0.987 0.581 -0.998 0.576 -0.999 0.590 -0.999 -5.000 -45.000 0.000 Forward 5.50 8.75 78.0 0.031
3150 1/3 0.521 -0.970 0.550 -0.997 0.601 -0.997 0.508 -0.998 -5.000 -20.000 0.000 Forward 8.04 12.05 86.4 0.020
4000 1/3 0.574 -0.981 0.553 -0.998 0.668 -0.993 0.514 -0.999 -5.000 -20.000 0.000 Forward 6.19 10.42 80.6 0.025
5000 1/3 0.494 -0.987 0.510 -0.999 0.550 -0.998 0.501 -0.999 -5.000 -23.000 0.000 Forward 7.43 11.19 84.7 0.023
6300 1/3 0.382 -0.987 0.498 -1.000 0.503 -1.000 0.501 -1.000 -5.000 -34.000 0.000 Forward 8.51 12.20 87.7 0.022
8000 1/3 0.349 -0.989 0.436 -0.999 0.456 -0.999 0.460 -0.999 -5.000 -39.000 0.000 Forward 9.60 14.23 90.1 0.017
10000 1/3 0.325 -0.971 0.383 -0.999 0.396 -0.999 0.399 -1.000 -5.000 -39.000 0.000 Forward 11.29 15.57 93.1 0.014

full 1/3 0.389 -0.991 0.547 -0.998 0.649 -0.993 0.556 -0.998 -5.000 -27.000 0.000 Forward 9.38 12.96 89.7 0.018

