RT60 data saved by REW V5.31.3
Source: Scarlett 2i2 4th Gen, MICROPHONE, 1, volume: no control
Dated: May 16, 2026 9:36:12 AM
Measurement: R uTV_doma_loopback May 16
Sweep level: -12.2 dBFS
Response measured over: 0.4 to 19,999.9 Hz
Peak value: 0.007966739 at index 48000
Response length: 131072 samples
Sample interval: 2.0833333333333333E-5 seconds
Start time: -0.9935535622900913 seconds

Format is freq (Hz), BW (octaves), EDT (s), r, T20 (s), r, T30 (s), r, Topt (s), r, ToptStart (dB), ToptEnd (dB), T60M (s), reverse/forward/zero phase filtered, C50 (dB), C80 (dB), D50 (%), TS (s)

50 1/3 1.047 -0.989 0.913 -0.993 0.969 -0.996 0.969 -0.996 -5.000 -35.000 0.000 Forward 4.89 7.05 75.5 0.097
63 1/3 0.653 -0.880 0.631 -0.905 0.627 -0.969 0.594 -0.995 -5.000 -58.000 0.000 Forward 12.52 16.09 94.7 0.067
80 1/3 0.682 -0.971 0.374 -0.990 0.384 -0.996 0.389 -0.996 -5.000 -36.000 0.000 Forward 5.13 10.56 76.5 0.072
100 1/3 0.810 -0.970 0.557 -0.985 0.460 -0.986 0.618 -0.994 -5.000 -20.000 0.000 Forward 0.36 6.31 52.1 0.077
125 1/3 0.637 -0.980 0.513 -0.969 0.410 -0.981 0.455 -0.986 -5.000 -41.000 0.000 Forward 5.16 11.45 76.6 0.051
160 1/3 0.529 -0.982 0.541 -0.992 0.517 -0.995 0.518 -0.998 -5.000 -49.000 0.000 Forward 5.74 10.83 78.9 0.052
200 1/3 0.506 -0.971 0.514 -0.955 0.565 -0.980 0.606 -0.989 -5.000 -60.000 0.000 Forward 5.25 15.46 77.0 0.046
250 1/3 0.503 -0.961 0.731 -0.986 0.617 -0.984 0.636 -0.996 -5.000 -60.000 0.000 Forward 5.03 10.23 76.1 0.045
315 1/3 0.626 -0.980 0.662 -0.989 0.652 -0.995 0.657 -0.998 -5.000 -52.000 0.000 Forward 4.18 9.48 72.4 0.044
400 1/3 0.526 -0.986 0.539 -0.979 0.570 -0.991 0.574 -0.994 -5.000 -39.000 0.000 Forward 4.43 11.69 73.5 0.041
500 1/3 0.541 -0.984 0.586 -0.997 0.609 -0.999 0.613 -0.999 -5.000 -37.000 0.000 Forward 4.77 10.18 75.0 0.036
630 1/3 0.416 -0.981 0.611 -0.992 0.625 -0.997 0.626 -0.998 -5.000 -49.000 0.000 Forward 6.89 12.28 83.0 0.029
800 1/3 0.521 -0.993 0.605 -0.995 0.658 -0.996 0.709 -0.998 -5.000 -51.000 0.000 Forward 5.82 9.82 79.3 0.034
1000 1/3 0.659 -0.984 0.692 -0.996 0.672 -0.998 0.694 -0.999 -5.000 -54.000 0.000 Forward 5.43 7.78 77.7 0.037
1250 1/3 0.490 -0.988 0.670 -0.997 0.645 -0.999 0.645 -0.999 -5.000 -35.000 0.000 Forward 5.67 9.74 78.7 0.038
1600 1/3 0.629 -0.991 0.647 -0.992 0.656 -0.997 0.678 -0.999 -5.000 -48.000 0.000 Forward 2.80 6.88 65.6 0.043
2000 1/3 0.621 -0.993 0.599 -0.999 0.608 -0.999 0.597 -0.999 -5.000 -33.000 0.000 Forward 5.14 8.15 76.6 0.035
2500 1/3 0.527 -0.989 0.598 -0.998 0.592 -0.999 0.615 -0.999 -5.000 -44.000 0.000 Forward 6.13 10.08 80.4 0.028
3150 1/3 0.595 -0.980 0.601 -0.998 0.600 -0.999 0.603 -1.000 -5.000 -44.000 0.000 Forward 6.73 10.01 82.5 0.025
4000 1/3 0.404 -0.977 0.558 -0.999 0.578 -0.999 0.586 -1.000 -5.000 -43.000 0.000 Forward 8.26 11.27 87.0 0.024
5000 1/3 0.427 -0.977 0.520 -0.998 0.560 -0.998 0.495 -0.999 -5.000 -22.000 0.000 Forward 9.48 13.27 89.9 0.017
6300 1/3 0.391 -0.987 0.505 -0.999 0.514 -0.999 0.505 -1.000 -5.000 -32.000 0.000 Forward 9.34 13.52 89.6 0.018
8000 1/3 0.347 -0.985 0.448 -0.999 0.453 -1.000 0.451 -1.000 -5.000 -34.000 0.000 Forward 9.86 13.87 90.6 0.017
10000 1/3 0.286 -0.988 0.401 -0.997 0.401 -0.999 0.400 -0.999 -5.000 -41.000 0.000 Forward 10.37 15.64 91.6 0.017

full 1/3 0.387 -0.993 0.522 -0.998 0.564 -0.998 0.554 -0.998 -5.000 -33.000 0.000 Forward 8.85 13.17 88.5 0.019

