RT60 data saved by REW V5.31.3
Source: Scarlett 2i2 4th Gen, MICROPHONE, 1, volume: no control
Dated: May 16, 2026 9:34:48 AM
Measurement: L sedacka_doma_loopback
Sweep level: -12.2 dBFS
Response measured over: 0.4 to 19,999.9 Hz
Peak value: 0.011533595 at index 48000
Response length: 131072 samples
Sample interval: 2.0833333333333333E-5 seconds
Start time: -0.9896736301062994 seconds

Format is freq (Hz), BW (octaves), EDT (s), r, T20 (s), r, T30 (s), r, Topt (s), r, ToptStart (dB), ToptEnd (dB), T60M (s), reverse/forward/zero phase filtered, C50 (dB), C80 (dB), D50 (%), TS (s)

50 1/3 1.125 -0.878 0.862 -0.984 0.886 -0.990 0.837 -0.991 -5.000 -38.000 0.000 Forward -0.93 5.64 44.6 0.124
63 1/3 0.934 -0.829 0.492 -0.958 0.545 -0.984 0.514 -0.991 -5.000 -45.000 0.000 Forward 0.61 10.02 53.5 0.099
80 1/3 0.777 -0.833 0.588 -0.990 0.663 -0.990 0.659 -0.993 -5.000 -46.000 0.000 Forward 2.92 11.67 66.2 0.086
100 1/3 0.716 -0.931 0.718 -0.964 0.514 -0.977 0.531 -0.984 -5.000 -40.000 0.000 Forward 3.43 10.02 68.8 0.077
125 1/3 0.559 -0.894 0.521 -0.979 0.557 -0.992 0.562 -0.996 -5.000 -42.000 0.000 Forward 7.52 12.32 84.9 0.056
160 1/3 0.819 -0.969 0.524 -0.961 0.583 -0.982 0.627 -0.993 -5.000 -52.000 0.000 Forward 1.28 5.36 57.3 0.073
200 1/3 0.920 -0.953 0.502 -0.929 0.662 -0.968 0.665 -0.992 -5.000 -54.000 0.000 Forward 0.18 4.57 51.0 0.066
250 1/3 0.898 -0.954 0.621 -0.973 0.759 -0.978 0.767 -0.995 -5.000 -53.000 0.000 Forward -0.97 3.68 44.5 0.069
315 1/3 0.653 -0.948 0.647 -0.963 0.694 -0.985 0.661 -0.996 -5.000 -56.000 0.000 Forward -0.12 6.74 49.3 0.059
400 1/3 0.539 -0.990 0.473 -0.990 0.569 -0.991 0.673 -0.996 -5.000 -60.000 0.000 Forward 6.00 9.06 79.9 0.037
500 1/3 0.409 -0.996 0.584 -0.989 0.641 -0.993 0.655 -0.997 -5.000 -47.000 0.000 Forward 6.87 10.52 83.0 0.036
630 1/3 0.498 -0.987 0.598 -0.996 0.617 -0.998 0.617 -0.998 -5.000 -35.000 0.000 Forward 4.90 10.58 75.6 0.037
800 1/3 0.573 -0.951 0.666 -0.982 0.650 -0.994 0.688 -0.998 -5.000 -59.000 0.000 Forward 4.89 10.97 75.5 0.032
1000 1/3 0.488 -0.973 0.634 -0.993 0.665 -0.997 0.670 -0.999 -5.000 -43.000 0.000 Forward 6.53 11.41 81.8 0.027
1250 1/3 0.462 -0.959 0.580 -0.997 0.622 -0.998 0.694 -0.998 -5.000 -60.000 0.000 Forward 8.13 11.71 86.7 0.024
1600 1/3 0.446 -0.979 0.595 -0.997 0.631 -0.998 0.666 -0.999 -5.000 -47.000 0.000 Forward 6.39 10.70 81.3 0.031
2000 1/3 0.468 -0.995 0.573 -0.999 0.591 -0.999 0.569 -0.999 -5.000 -30.000 0.000 Forward 6.42 9.90 81.4 0.032
2500 1/3 0.604 -0.997 0.576 -0.995 0.607 -0.997 0.633 -0.999 -5.000 -53.000 0.000 Forward 4.21 8.05 72.5 0.039
3150 1/3 0.602 -0.995 0.533 -0.998 0.584 -0.998 0.600 -0.999 -5.000 -45.000 0.000 Forward 5.03 8.73 76.1 0.032
4000 1/3 0.549 -0.968 0.538 -0.998 0.583 -0.998 0.618 -0.999 -5.000 -52.000 0.000 Forward 7.51 11.65 84.9 0.020
5000 1/3 0.458 -0.989 0.510 -0.999 0.543 -0.999 0.516 -0.999 -5.000 -29.000 0.000 Forward 8.07 12.01 86.5 0.020
6300 1/3 0.448 -0.992 0.519 -0.999 0.524 -1.000 0.520 -1.000 -5.000 -33.000 0.000 Forward 8.14 11.67 86.7 0.022
8000 1/3 0.359 -0.986 0.458 -0.999 0.464 -0.999 0.472 -0.999 -5.000 -41.000 0.000 Forward 9.84 13.59 90.6 0.017
10000 1/3 0.356 -0.937 0.382 -0.997 0.395 -0.999 0.403 -0.999 -5.000 -43.000 0.000 Forward 12.19 17.38 94.3 0.011

full 1/3 0.405 -0.990 0.493 -0.998 0.552 -0.997 0.463 -0.999 -5.000 -20.000 0.000 Forward 9.83 14.04 90.6 0.015

